Symbol,Date,Open,High,Low,Close,Volume
AAME,30-Nov-2004,3.15,3.15,3,3,24026
AAON,30-Nov-2004,3.1325,3.16,3.1286,3.1463,11025
AAPL,30-Nov-2004,1.2284,1.2284,1.1973,1.1973,36783540
ABCB,30-Nov-2004,17.2917,17.3667,16.275,17.3167,46142
ABMD,30-Nov-2004,15.17,15.29,15.03,15.18,63304
ACAD,30-Nov-2004,6.92,6.92,6.76,6.78,1300
ACBA,30-Nov-2004,10.298,10.799,10.292,10.379,17200
ACET,30-Nov-2004,11.52,11.5667,11.32,11.3333,105556
ACGL,30-Nov-2004,4.3489,4.3611,4.3278,4.3278,141273
ACLS,30-Nov-2004,29.72,30.2,29.2,29.2,2665955
ACMR,30-Nov-2004,28.51,28.97,28.51,28.79,150200
ACTG,30-Nov-2004,4.6,4.68,4.4,4.55,16690
ADBE,30-Nov-2004,30.515,30.5345,30.08,30.28,3143154
ADES,30-Nov-2004,13.5,13.5,12.765,13.17,15387
ADI,30-Nov-2004,37.75,37.84,36.32,36.95,5375700
ADP,30-Nov-2004,39.684,40.0791,39.6137,39.9737,1625000
ADPT,30-Nov-2004,7.69,7.8,7.63,7.8,880405
ADRE,30-Nov-2004,20.4,20.4,20.135,20.16,4900
ADSK,30-Nov-2004,32.99,33.315,32.315,32.705,3687760
ADTN,30-Nov-2004,22.4,22.95,22.4,22.41,825834
AEHR,30-Nov-2004,2.3,2.39,2.18,2.18,15865
AEIS,30-Nov-2004,8.77,8.77,8.55,8.55,238365
AEZS,30-Nov-2004,3630,3864,3594,3834,41877
AGEN,30-Nov-2004,9.4,9.94,9.22,9.42,1808070
AGIL,30-Nov-2004,8.4,8.5,8.18,8.36,303277
AGYS,30-Nov-2004,16.57,16.75,16.48,16.53,482276
AHPI,30-Nov-2004,6.39,6.391,6.15,6.19,19557
AINV,30-Nov-2004,43.71,44.31,43.5,44.25,240484
AIRT,30-Nov-2004,23.88,23.88,22.81,23.05,348921
AKAM,30-Nov-2004,12.72,13.1,12.65,12.95,1580687
ALCO,30-Nov-2004,54.21,55.76,54.21,55.76,6716
ALGN,30-Nov-2004,10.66,10.66,10.43,10.57,548809
ALKS,30-Nov-2004,13.9,13.99,13.45,13.79,644641
ALNY,30-Nov-2004,8.18,8.6,7.9,8,78374
ALOT,30-Nov-2004,7.304,7.432,7.2,7.225,4235
ALTR,30-Nov-2004,22.81,23.05,22.58,22.68,7372317
ALVR,30-Nov-2004,150,150.1,146.1,146.7,326846
AMAT,30-Nov-2004,16.95,17.01,16.64,16.64,34966760
AMD,30-Nov-2004,21.07,21.53,20.86,21.28,8484100
AMED,30-Nov-2004,24.975,25.125,24.608,24.69,477469
AMGN,30-Nov-2004,60.51,60.82,60.04,60.04,8092200
AMKR,30-Nov-2004,5.64,5.72,5.5,5.5,817299
AMNB,30-Nov-2004,24.77,24.94,24.6,24.6,619
AMOT,30-Nov-2004,6.8,6.94,6.65,6.851,5858
AMPH,30-Nov-2004,10.08,10.15,10.06,10.15,8181
AMPL,30-Nov-2004,74,76.4,74,76.4,37391
AMRN,30-Nov-2004,2.26,2.47,2.26,2.35,17620
AMSC,30-Nov-2004,139.2,143,137.9,138.46,209940
AMSWA,30-Nov-2004,6.2,6.3,5.95,5.95,130300
AMWD,30-Nov-2004,40,41,39,40.23,133701
AMZN,30-Nov-2004,38.97,39.8,38.95,39.68,7045300
ANAT,30-Nov-2004,102.12,102.8,101.65,101.65,2399
ANDE,30-Nov-2004,7.6633,7.6633,7.58,7.6267,1070
ANGN,30-Nov-2004,2.41,2.58,2.2,2.58,41200
ANGO,30-Nov-2004,16.63,16.8,15.73,16,53851
ANIK,30-Nov-2004,9.67,9.67,9.37,9.45,22792
ANSS,30-Nov-2004,15.62,15.915,15.34,15.345,320066
APAC,30-Nov-2004,1.76,1.76,1.69,1.69,51727
APOG,30-Nov-2004,14.18,14.71,14.18,14.58,114458
APTM,30-Nov-2004,11.5,11.5,11.2,11.375,117805
ARCC,30-Nov-2004,17.99,18.25,17.8,18.05,361445
ARKR,30-Nov-2004,30.09,30.129,30.05,30.05,1806
ARLP,30-Nov-2004,17.6325,17.6325,17.4125,17.5625,43775
ARNA,30-Nov-2004,58,58.5,55.3,56,274078
AROW,30-Nov-2004,31.64,32.11,31.64,32.11,4715
ARRY,30-Nov-2004,8,8.44,7.9,8.36,255074
ARTL,30-Nov-2004,5.911,6.75,5.911,6.75,1200
ARTNA,30-Nov-2004,19.543,19.543,19.216,19.376,4000
ARTW,30-Nov-2004,6.2,6.2,6.05,6.1,26991
ARWR,30-Nov-2004,2.59,2.59,2.33,2.37,46400
ASML,30-Nov-2004,15.5,15.51,15.22,15.26,1491848
ASRV,30-Nov-2004,5.25,5.28,5.2,5.2,30962
ASTE,30-Nov-2004,16.76,16.92,16.46,16.64,40983
ASYS,30-Nov-2004,4.38,4.38,4.11,4.25,2907
ATLO,30-Nov-2004,26.6667,26.6667,26.6667,26.6667,600
ATRI,30-Nov-2004,45.9,45.9,45.22,45.22,610
ATRO,30-Nov-2004,4.125,4.2083,4.1,4.125,3150
ATRS,30-Nov-2004,28,28.22,27.69,28,295939
ATVI,30-Nov-2004,4.455,4.5,4.4045,4.4215,1472900
AUBN,30-Nov-2004,20.251,20.251,20.251,20.251,116
AUDC,30-Nov-2004,15.02,15.26,14.7,14.7,920833
AVCT,30-Nov-2004,38.08,38.47,37.71,37.93,385165
AVID,30-Nov-2004,55.86,57.75,55.6,57.07,922263
AWRE,30-Nov-2004,4.33,4.95,4.33,4.91,62371
AXTI,30-Nov-2004,1.65,1.71,1.63,1.71,32700
AZPN,30-Nov-2004,5.88,5.96,5.65,5.77,638507
BANF,30-Nov-2004,34.905,35.705,34.905,35.495,4910
BANFP,30-Nov-2004,26.5,26.5,26.5,26.5,0
BANR,30-Nov-2004,235.2,237.3,230.86,231.14,7045
BBBY,30-Nov-2004,40.51,40.82,39.68,39.928,4277491
BBGI,30-Nov-2004,17.2,17.55,17.19,17.55,10206
BBSI,30-Nov-2004,9.9667,10.6467,9.9667,10.0067,13801
BCPC,30-Nov-2004,6.0933,6.0953,6.0933,6.0953,2700
BCRX,30-Nov-2004,6.7,6.75,6.53,6.6,112362
BDSI,30-Nov-2004,3.58,3.71,3.51,3.6,9987
BECN,30-Nov-2004,12.139,12.44,12.073,12.226,135686
BELFA,30-Nov-2004,28.722,29.85,28.722,29.3,1487
BELFB,30-Nov-2004,35.33,35.41,34,34.23,43298
BGFV,30-Nov-2004,27.59,27.69,27,27.23,172400
BIIB,30-Nov-2004,54.2903,54.4561,53.2771,54.0508,3810182
BJRI,30-Nov-2004,15.1,15.21,14.761,14.96,20373
BKSC,30-Nov-2004,12.7273,12.7273,12.7273,12.7273,1100
BLDP,30-Nov-2004,6.865,6.9,6.7,6.72,472749
BLKB,30-Nov-2004,12.18,12.73,11.88,12.5,104341
BLUE,30-Nov-2004,2.72,2.92,2.71,2.92,14700
BMRC,30-Nov-2004,17.2334,17.2334,17.081,17.2334,4137
BMRN,30-Nov-2004,5.08,5.36,5.08,5.33,2025929
BMTC,30-Nov-2004,19.77,20.25,19.77,19.85,6706
BNSO,30-Nov-2004,5.55,5.55,5.29,5.54,1508
BOKF,30-Nov-2004,48.48,49.24,48.33,48.8,83023
BOOM,30-Nov-2004,7.5,7.885,7.02,7.65,1501200
BOSC,30-Nov-2004,9.68,9.68,9.68,9.68,500
BPOP,30-Nov-2004,263.6,265,262.5,265,376687
BPOPN,30-Nov-2004,25.8,25.81,25.5,25.54,8500
BRID,30-Nov-2004,8.28,8.28,8.28,8.28,304
BRKL,30-Nov-2004,16.24,16.25,16.13,16.2,180245
BRKR,30-Nov-2004,4.74,4.75,4.61,4.61,193305
BRKS,30-Nov-2004,15.45,15.58,15.25,15.35,813609
BRLI,30-Nov-2004,8.155,8.225,8.13,8.21,41200
BSET,30-Nov-2004,20.25,20.3,19.6,19.71,21504
BSML,30-Nov-2004,6.9,7,6.74,6.94,14966
BSQR,30-Nov-2004,4.52,4.96,4.36,4.56,294400
BSRR,30-Nov-2004,20.76,21,20.7,21,14986
BUSE,30-Nov-2004,20.255,20.45,20,20.45,15513
BYFC,30-Nov-2004,12.6,12.6,12.6,12.6,0
CAAS,30-Nov-2004,15.92,18.09,15.22,15.94,6623233
CACC,30-Nov-2004,24.33,24.8,24.25,24.75,52200
CAKE,30-Nov-2004,32.7667,32.8933,32.4933,32.5933,799398
CALM,30-Nov-2004,6.525,6.725,6.515,6.614,188267
CAMP,30-Nov-2004,10,10.18,9.5,9.57,392770
CAMT,30-Nov-2004,4.26,4.29,4.01,4.21,66163
CASA,30-Nov-2004,8.45,8.54,8.45,8.54,4650
CASH,30-Nov-2004,8.5333,8.5367,8.37,8.37,3884
CASS,30-Nov-2004,24.679,24.679,23.478,23.478,2002
CASY,30-Nov-2004,19.44,19.82,19.31,19.37,180013
CATY,30-Nov-2004,38.53,39.28,38.34,38.72,129458
CBAN,30-Nov-2004,25.72,25.72,25.72,25.72,0
CBRL,30-Nov-2004,41,41.14,40.45,40.77,1046947
CBSH,30-Nov-2004,49.5,49.51,48.63,48.91,484718
CCBG,30-Nov-2004,35.256,35.776,35.152,35.2,18608
CCMP,30-Nov-2004,37.875,38.68,36.95,36.95,594626
CCNE,30-Nov-2004,14.76,14.76,14.76,14.76,250
CCRN,30-Nov-2004,17.41,17.9,17.381,17.75,210006
CDZI,30-Nov-2004,15.3,16.95,15.25,16.5,18973
CECE,30-Nov-2004,3.7,3.94,3.4,3.51,130727
CENT,30-Nov-2004,38.43,38.79,38.43,38.7,106084
CENX,30-Nov-2004,25.76,25.8,25.62,25.62,357289
CERN,30-Nov-2004,6.5713,6.655,6.5563,6.59,255347
CERS,30-Nov-2004,2.65,2.65,2.6,2.63,32700
CEVA,30-Nov-2004,8,8.12,8,8.06,5968
CFFI,30-Nov-2004,39.57,39.65,39.57,39.65,300
CFFN,30-Nov-2004,35.63,35.65,35.03,35.28,58300
CGEN,30-Nov-2004,4.55,4.65,4.51,4.65,42406
CGNX,30-Nov-2004,6.4625,6.525,6.425,6.45,264664
CHCO,30-Nov-2004,37.24,37.37,36.64,36.92,75094
CHDN,30-Nov-2004,15.4667,15.5533,15.3133,15.4833,21419
CHKP,30-Nov-2004,23.9,24,23.46,23.74,2856477
CHNR,30-Nov-2004,6.2,6.2,5.63,6.07,12296
CHRS,30-Nov-2004,9.26,9.36,9.05,9.35,1262960
CHRW,30-Nov-2004,26.55,26.9,26.39,26.875,985200
CHSCP,30-Nov-2004,27.7,27.7,27.6,27.7,900
CHTR,30-Nov-2004,2.22,2.23,2.119,2.16,11301510
CINF,30-Nov-2004,42.7714,42.9714,42.3048,42.6667,368763
CLBK,30-Nov-2004,37.51,37.75,37.51,37.75,1447
CLRO,30-Nov-2004,4.18,4.24,4.15,4.2,91300
CLWT,30-Nov-2004,12.1367,13.3467,11.6233,12.2833,107394
CMCO,30-Nov-2004,8.15,8.15,7.9,7.91,9512
CMCSA,30-Nov-2004,10.0485,10.172,10.0185,10.0185,7072500
CMLS,30-Nov-2004,126.4,126.792,121.44,122.24,463331
CMTL,30-Nov-2004,20.0867,21.4333,20.0867,20.9867,671157
CNBKA,30-Nov-2004,31.17,31.62,30.67,30.74,1553
CNET,30-Nov-2004,9.1,9.32,9.1,9.32,1632462
CNOB,30-Nov-2004,12.88,12.88,12.88,12.88,100
CNTY,30-Nov-2004,7.9,8.09,7.86,7.99,23500
COCO,30-Nov-2004,17.28,17.5,16.79,17.425,2574342
COGT,30-Nov-2004,35.1,35.1,32.57,33.57,1057291
COHR,30-Nov-2004,29.41,29.54,28.65,28.89,149334
COHU,30-Nov-2004,17.08,17.18,16.5,16.76,251174
COKE,30-Nov-2004,53,53.94,52.42,52.42,2971
COLB,30-Nov-2004,25.61,25.85,25.39,25.39,100089
COLM,30-Nov-2004,28.675,28.675,28.21,28.45,312843
COMS,30-Nov-2004,4.45,4.5,4.33,4.44,4198500
CONN,30-Nov-2004,17.6,18.05,17.48,17.73,63323
COOL,30-Nov-2004,635.04,658.56,629.16,640.92,61280
COOP,30-Nov-2004,12.242,12.273,12.242,12.273,598
CORT,30-Nov-2004,4.4,4.5,4.4,4.43,15141
COST,30-Nov-2004,49.28,49.36,48.45,48.6,3900403
CPRT,30-Nov-2004,5.5975,5.62,5.4,5.4,672997
CPSI,30-Nov-2004,21.25,21.96,21.25,21.6,13453
CPSS,30-Nov-2004,4.37,4.39,4.26,4.34,11108
CRAI,30-Nov-2004,42.66,43.8,42.45,43.14,29429
CRESY,30-Nov-2004,15,15.3,14.74,14.74,45700
CRIS,30-Nov-2004,20.15,20.9,20.05,20.25,204039
CRMT,30-Nov-2004,24.28,24.6,24.1867,24.4667,24712
CRNT,30-Nov-2004,5.66,5.71,5.41,5.48,228176
CRTX,30-Nov-2004,8.25,8.25,7.91,8.05,4313
CRUS,30-Nov-2004,5.99,6.08,5.87,5.93,470030
CRVL,30-Nov-2004,10.3985,10.6585,10.3985,10.5785,8034
CSCO,30-Nov-2004,18.85,19.15,18.71,18.75,63897710
CSGP,30-Nov-2004,44.41,44.65,43.63,43.8,84048
CSGS,30-Nov-2004,17.99,18.17,17.88,18.17,411463
CSPI,30-Nov-2004,8.5,8.8,8.5,8.8,1936
CSTL,30-Nov-2004,2.79,3.2,2.79,3.17,35614
CSTR,30-Nov-2004,26.14,26.35,25.96,26.02,142154
CSWC,30-Nov-2004,19.3625,19.75,19,19.7,2900
CSX,30-Nov-2004,6.3683,6.3917,6.325,6.355,744900
CTAS,30-Nov-2004,44.35,44.99,44.35,44.72,777140
CTBI,30-Nov-2004,33.26,33.48,32.78,33.04,15921
CTEC,30-Nov-2004,7.9,8,7.75,7.97,25510
CTHR,30-Nov-2004,9.0476,9.1905,8.7619,9.0848,44244
CTIB,30-Nov-2004,1.551,1.551,1.47,1.48,3500
CTIC,30-Nov-2004,1434,1522,1420,1496,540400
CTSH,30-Nov-2004,9.71,9.7975,9.5325,9.5325,1210255
CTXS,30-Nov-2004,18.6624,18.957,18.551,18.7978,1884719
CUBA,30-Nov-2004,5.559,5.559,5.25,5.27,1001
CUTR,30-Nov-2004,11.72,12.25,11.72,12.25,47354
CVBF,30-Nov-2004,17.152,17.754,16.96,17.395,180510
CVCO,30-Nov-2004,20.38,20.39,20.025,20.125,23362
CVCY,30-Nov-2004,12.365,12.365,12.365,12.365,0
CVGI,30-Nov-2004,19.5,19.98,19.051,19.6,16966
CVGW,30-Nov-2004,11.71,11.83,11.61,11.61,700
CVLY,30-Nov-2004,18.1429,18.1429,18.1429,18.1429,1050
CWBC,30-Nov-2004,11.37,11.37,10.55,10.55,6286
CWCO,30-Nov-2004,14,14,13.53,13.64,25778
CWST,30-Nov-2004,15.05,15.27,14.62,15.11,236333
CYAN,30-Nov-2004,5.72,5.72,5.16,5.56,26000
CYBE,30-Nov-2004,13.42,14.3,13.121,14.06,82985
CYTK,30-Nov-2004,56.1,56.1,50.46,51.6,419303
CYTO,30-Nov-2004,10,10.04,9.75,9.85,58462
CZNC,30-Nov-2004,25.2475,25.6931,25.2475,25.6931,314
DAIO,30-Nov-2004,3.33,3.35,3.33,3.33,45595
DAKT,30-Nov-2004,12.955,13.33,12.945,12.96,87693
DCOM,30-Nov-2004,18,18.37,17.8,18.35,190962
DCTH,30-Nov-2004,627.2,675.84,606.976,673.28,273828
DDMX,30-Nov-2004,20.15,20.2,19.75,20.12,152400
DENN,30-Nov-2004,4.49,4.49,4.36,4.4,111428
DGICA,30-Nov-2004,12.094,12.094,12.088,12.094,1163
DGICB,30-Nov-2004,14.8129,14.8504,14.8129,14.8504,3159
DGII,30-Nov-2004,15.59,15.7,15.17,15.39,215425
DHIL,30-Nov-2004,14.1,14.9,14.1,14.6,4200
DIOD,30-Nov-2004,11.144,11.184,10.922,11.064,321900
DISH,30-Nov-2004,33.26,33.77,32.74,32.79,2955627
DJCO,30-Nov-2004,35.59,35.59,35.59,35.59,0
DLTR,30-Nov-2004,9.33,9.3434,9.19,9.2767,2186409
DMLP,30-Nov-2004,23.6,24.15,23.6,24.11,9688
DMRC,30-Nov-2004,9.04,9.41,8.66,9.21,73528
DRIV,30-Nov-2004,41.92,43.06,41.9,41.92,690049
DRRX,30-Nov-2004,2.3,2.33,2.24,2.24,828087
DSGX,30-Nov-2004,1.64,1.78,1.53,1.76,492724
DSPG,30-Nov-2004,22.81,22.96,22.04,22.18,233801
DSWL,30-Nov-2004,17.3267,17.3267,16.3467,16.4333,72025
DVAX,30-Nov-2004,61.3,70.8,61.3,70.7,67094
DWSN,30-Nov-2004,23.41,23.95,23,23.35,151163
DXPE,30-Nov-2004,4.36,4.89,4.36,4.8,4250
DXYN,30-Nov-2004,15.16,16.17,15.15,16,130057
DYNT,30-Nov-2004,7.85,7.85,7.35,7.5,17890
EBAY,30-Nov-2004,23.6884,23.8863,23.5789,23.6421,12447130
EBIX,30-Nov-2004,1.5622,1.6056,1.5556,1.6056,1800
ECHO,30-Nov-2004,7.95,8.1,7.85,8.08,15952
ECOL,30-Nov-2004,12,12.58,11.6,12.08,173205
ECPG,30-Nov-2004,24.05,26.73,23.9,25.08,398281
EDAP,30-Nov-2004,2.62,2.9,2.62,2.741,31300
EDUC,30-Nov-2004,5.11,5.145,5.11,5.11,6772
EEFT,30-Nov-2004,24,24.7,23.91,24.6,635888
EFSC,30-Nov-2004,16.8,16.8,16.75,16.8,7350
EGBN,30-Nov-2004,15.7846,15.7846,15.7769,15.7769,260
ELSE,30-Nov-2004,3.6,4.1,3.6,3.6,50300
ELTK,30-Nov-2004,1.4,1.43,1.3,1.34,28800
EMKR,30-Nov-2004,11,11.6,10.4,10.64,159030
ENDP,30-Nov-2004,20.6,20.69,20.35,20.48,572484
ENTG,30-Nov-2004,9.85,10.02,9.77,9.78,166808
EPAY,30-Nov-2004,11.95,12.49,11.51,11.7,97742
EPIX,30-Nov-2004,347.8,352.4,340.6,352,215178
EQIX,30-Nov-2004,38.49,38.95,38.26,38.88,106894
ERES,30-Nov-2004,14.65,14.89,14.57,14.74,945894
ERIE,30-Nov-2004,52.295,52.33,52.1,52.18,17410
ESBK,30-Nov-2004,27.9273,27.9273,27.9273,27.9273,0
ESCA,30-Nov-2004,14.22,14.72,14,14.72,10065
ESGR,30-Nov-2004,62.07,62.07,60.76,61.9,5617
ESLT,30-Nov-2004,22.37,22.6,22.28,22.42,9113
EVOL,30-Nov-2004,3.74,3.74,3.55,3.5699,175511
EWBC,30-Nov-2004,41.83,41.99,41.47,41.47,172923
EWEB,30-Nov-2004,4.86,5.4,4.5,4.75,424005
EXAS,30-Nov-2004,3.48,3.54,3.43,3.46,240593
EXEL,30-Nov-2004,8.61,8.97,8.5,8.97,388720
EXPD,30-Nov-2004,26.6,26.715,25.97,26.63,887554
EXPO,30-Nov-2004,13.95,13.95,13.84,13.895,7208
EXTR,30-Nov-2004,6.8,6.95,6.74,6.83,1257412
EZPW,30-Nov-2004,3.55,3.58,3.497,3.56,51608
FARM,30-Nov-2004,26.55,26.65,26.41,26.56,9040
FARO,30-Nov-2004,26.45,27.35,26.41,27.2,229060
FAST,30-Nov-2004,7.67,7.7375,7.6175,7.645,553037
FBNC,30-Nov-2004,28.15,28.47,28,28.32,30156
FCAP,30-Nov-2004,21,21,21,21,500
FCBC,30-Nov-2004,35.37,35.839,35.26,35.63,6759
FCCO,30-Nov-2004,19.75,20.1,19.75,19.75,6556
FCCY,30-Nov-2004,36.5,37,36.5,37,1600
FCEL,30-Nov-2004,1476,1483.2,1445.76,1447.2,1044169
FCFS,30-Nov-2004,6.488,6.518,6.44,6.51,91352
FCNCA,30-Nov-2004,134.5,136.065,133.5,135,7485
FELE,30-Nov-2004,20.4725,20.5,20.13,20.33,28102
FFBC,30-Nov-2004,17.03,17.24,16.84,17.08,173880
FFIC,30-Nov-2004,21.33,21.42,21.13,21.25,33418
FFIN,30-Nov-2004,5.3338,5.4375,5.3338,5.4063,9484
FFIV,30-Nov-2004,10.515,10.923,10.485,10.763,1075900
FISI,30-Nov-2004,25.085,25.64,25.085,25.5,8586
FISV,30-Nov-2004,9.85,9.855,9.565,9.6275,1569182
FITB,30-Nov-2004,50.66,50.93,50.3,50.36,1735332
FLEX,30-Nov-2004,14.52,14.65,14.28,14.35,7654903
FLIC,30-Nov-2004,32.2133,32.8333,32.2133,32.7533,2234
FLWS,30-Nov-2004,8.43,8.43,8.27,8.3,103000
FLXS,30-Nov-2004,17.739,17.739,17.5,17.51,8644
FMBI,30-Nov-2004,37.27,37.55,37.06,37.54,94698
FNLC,30-Nov-2004,17.51,17.51,17.51,17.51,1500
FONR,30-Nov-2004,1.65,1.66,1.55,1.55,1079310
FORD,30-Nov-2004,2.66,2.9,2.66,2.83,30532
FORM,30-Nov-2004,23.73,24.55,22.83,24.11,1021000
FORR,30-Nov-2004,16.44,16.5,16.23,16.32,34089
FORTY,30-Nov-2004,15.11,15.3,15.11,15.17,663
FOSL,30-Nov-2004,27.88,27.89,26.85,27.05,373241
FRBK,30-Nov-2004,11.9971,12.1696,11.9186,11.9186,11956
FRME,30-Nov-2004,26.9,26.95,26.62,26.95,94832
FSII,30-Nov-2004,4.68,4.68,4.39,4.5,140485
FSTR,30-Nov-2004,8.95,9,8.8,8.93,16644
FTEK,30-Nov-2004,5.14,5.15,5,5.02,8120
FULT,30-Nov-2004,17.84,17.92,17.752,17.92,156351
FUNC,30-Nov-2004,20.52,21.07,20.35,20.35,9188
FUND,30-Nov-2004,11.51,11.64,11.51,11.53,79775
FWRD,30-Nov-2004,30.7733,31.0533,30.7167,30.9,129454
GABC,30-Nov-2004,11.3333,11.3333,11.0133,11.3333,14634
GAIA,30-Nov-2004,5.27,5.65,5.25,5.25,57544
GBCI,30-Nov-2004,18.308,18.473,18.308,18.468,138321
GCBC,30-Nov-2004,8.225,8.225,8.225,8.225,200
GERN,30-Nov-2004,7.25,7.25,6.9,6.95,1049450
GFED,30-Nov-2004,24.24,24.24,23.79,23.79,8399
GGAL,30-Nov-2004,7.06,7.28,6.93,7.23,272179
GIFI,30-Nov-2004,21.56,21.919,21.09,21.27,64216
GIGM,30-Nov-2004,9.15,10.2,9.15,10.15,923665
GIII,30-Nov-2004,2.168,2.168,2.021,2.041,21603
GILD,30-Nov-2004,8.54,8.6275,8.4425,8.615,3538944
GLAD,30-Nov-2004,24.65,24.89,24.06,24.53,46681
GLBL,30-Nov-2004,8.57,8.74,8.52,8.58,971617
GLBZ,30-Nov-2004,22.75,22.75,22,22.74,19050
GLNG,30-Nov-2004,14.87,15.15,14.64,14.831,372624
GNSS,30-Nov-2004,16.83,16.83,16.25,16.31,759751
GNTX,30-Nov-2004,8.075,8.0925,7.975,8.08,1646266
GOOD,30-Nov-2004,16.98,16.98,16.47,16.73,17021
GOOG,30-Nov-2004,90.35,91.5,90.125,90.99,7745574
GPRO,30-Nov-2004,39.37,40.15,39.33,39.9,438901
GRIL,30-Nov-2004,1.8,1.95,1.73,1.95,6866
GRIN,30-Nov-2004,2.77,2.84,2.75,2.77,2900
GRMN,30-Nov-2004,29.125,29.205,28.765,29.11,360654
GROW,30-Nov-2004,1.74,1.75,1.721,1.725,7200
GSBC,30-Nov-2004,40.28,41,40.1,40.54,4765
GT,30-Nov-2004,12.81,12.87,12.58,12.62,3857000
GTIM,30-Nov-2004,3.3,3.3,3.22,3.22,2400
GYRO,30-Nov-2004,38,38,38,38,200
HAFC,30-Nov-2004,18.495,18.6,18.18,18.59,207832
HAIN,30-Nov-2004,9.7,9.75,9.65,9.715,188034
HAS,30-Nov-2004,18.91,19.2,18.75,19.03,1136600
HBAN,30-Nov-2004,24.16,24.32,24.05,24.26,687756
HBIO,30-Nov-2004,4.04,4.11,3.95,3.96,186272
HBNC,30-Nov-2004,5.2642,5.3867,5.2642,5.3867,1075
HCSG,30-Nov-2004,6.394,6.6433,6.0207,6.148,124804
HDSN,30-Nov-2004,0.88,0.88,0.8,0.8,9425
HELE,30-Nov-2004,28.42,28.42,27.91,28.14,121871
HFWA,30-Nov-2004,22.23,22.5,21.71,21.71,1338
HIBB,30-Nov-2004,16.475,16.728,16.462,16.522,262453
HIFS,30-Nov-2004,42.25,42.75,42,42.75,711
HIHO,30-Nov-2004,4.37,4.37,4.04,4.29,37406
HLIT,30-Nov-2004,7.74,7.92,7.67,7.77,1083668
HLTH,30-Nov-2004,7.1,7.25,7.06,7.25,2065643
HMNF,30-Nov-2004,31,33,31,32.49,13527
HOFT,30-Nov-2004,23.8,23.8,23.35,23.35,29689
HOLX,30-Nov-2004,6.094,6.25,6.06,6.248,152338
HOOK,30-Nov-2004,3.48,3.55,3.421,3.5,16408
HSIC,30-Nov-2004,32.76,32.94,32.345,32.59,486778
HSII,30-Nov-2004,34.02,34.77,33.77,34.4,267512
HSKA,30-Nov-2004,1.1,1.121,1.05,1.05,100779
HSTM,30-Nov-2004,2.74,2.8,2.64,2.69,26611
HTBK,30-Nov-2004,19.35,19.59,19.16,19.56,14930
HTLD,30-Nov-2004,16.883,16.905,16.47,16.47,322536
HTLF,30-Nov-2004,21.99,22.19,21.98,22.07,4223
HUBG,30-Nov-2004,10.813,10.875,10.75,10.875,95400
HURC,30-Nov-2004,16.4,16.96,15.76,16.1,108974
HURN,30-Nov-2004,20.39,21.67,19.95,21.15,28660
HWKN,30-Nov-2004,11.911,11.911,11.85,11.85,2004
IART,30-Nov-2004,16.8725,17.125,16.815,16.995,151464
IBCP,30-Nov-2004,29.81,30.1,29.51,30.1,44702
IBOC,30-Nov-2004,32.02,32.088,31.504,31.64,81737
ICAD,30-Nov-2004,4.78,4.8,4.56,4.8,299368
ICCC,30-Nov-2004,4.481,4.49,4.43,4.43,700
ICLR,30-Nov-2004,19.15,19.15,18.605,18.625,29856
ICUI,30-Nov-2004,24.53,25.09,24.53,24.95,100350
IDCC,30-Nov-2004,20.45,20.73,20.3,20.35,441110
IDXX,30-Nov-2004,12.8225,12.9975,12.8225,12.9,160713
IIVI,30-Nov-2004,10.745,10.96,10.5925,10.7875,378634
IKNX,30-Nov-2004,6.209,6.209,5.8,5.97,5775
ILMN,30-Nov-2004,7.53,7.75,7.52,7.6,93820
IMGN,30-Nov-2004,7.21,7.82,7.21,7.82,431153
IMKTA,30-Nov-2004,12.6,12.8,12.58,12.79,64900
IMMR,30-Nov-2004,5.29,5.47,5.12,5.37,269907
IMOS,30-Nov-2004,5.78,5.79,5.43,5.54,1104276
INCY,30-Nov-2004,10.39,10.48,10.25,10.27,699201
INDB,30-Nov-2004,34.65,34.67,34.4,34.56,11538
INGN,30-Nov-2004,6.94,7.09,6.94,6.98,70130
INMD,30-Nov-2004,4.32,4.32,4.283,4.308,16500
INOD,30-Nov-2004,6.83,7.14,6.83,6.97,82101
INSM,30-Nov-2004,1.57,1.61,1.55,1.57,131170
INTC,30-Nov-2004,23.04,23.09,22.35,22.38,89245090
INTG,30-Nov-2004,13.26,13.41,13.26,13.41,700
INTU,30-Nov-2004,10.595,10.7,10.428,10.46,2411660
IPAR,30-Nov-2004,11.339,11.432,10.852,11.159,170887
IRIX,30-Nov-2004,4.03,4.18,4.02,4.07,16330
ISIG,30-Nov-2004,1.25,1.25,1.17,1.23,22200
ISLE,30-Nov-2004,24.6,24.74,24.23,24.53,144702
ISRG,30-Nov-2004,34.75,37.27,34.75,35.93,1074532
ISSC,30-Nov-2004,21.1333,21.6467,20.08,20.4067,572422
ITIC,30-Nov-2004,34.63,34.63,34.63,34.63,0
ITRI,30-Nov-2004,21.99,22,21.59,21.65,111093
IVAC,30-Nov-2004,6.71,7.12,6.71,7.05,51756
JAKK,30-Nov-2004,193.2,193.2,184.1,186.2,357448
JBHT,30-Nov-2004,20.275,20.28,20.07,20.1,1443780
JBLU,30-Nov-2004,15.841,16.175,15.741,16.015,1406345
JBSS,30-Nov-2004,22.32,22.32,21.78,22.2,92270
JCTCF,30-Nov-2004,1.5475,1.575,1.515,1.515,1100
JJSF,30-Nov-2004,24.225,24.225,23.47,23.555,11051
JKHY,30-Nov-2004,19.65,19.69,19.26,19.28,271144
JOBS,30-Nov-2004,17.3,18.06,16.925,17.795,131600
JOUT,30-Nov-2004,20.18,20.23,20.17,20.23,4180
JRJC,30-Nov-2004,115.5,130.9,114.5,124,1693931
KELYA,30-Nov-2004,30.05,30.51,29.55,30.4,143776
KELYB,30-Nov-2004,30,30,30,30,0
KEQU,30-Nov-2004,9.09,9.09,9.089,9.09,525
KFRC,30-Nov-2004,12.12,12.31,11.89,11.98,293811
KIRK,30-Nov-2004,9.59,9.72,9.44,9.6,35648
KLAC,30-Nov-2004,45.56,45.71,44.9,45.06,4921778
KLIC,30-Nov-2004,7.34,7.51,7.29,7.48,1226405
KOPN,30-Nov-2004,4.25,4.25,4.06,4.06,317176
KOSS,30-Nov-2004,9.8755,10.3,9.875,10,1502
KRON,30-Nov-2004,50.35,51,49.96,50.54,147430
KTCC,30-Nov-2004,3.21,3.21,3.17,3.17,3682
KVHI,30-Nov-2004,10.5,10.5,10,10.1,149792
LAKE,30-Nov-2004,17.8355,18.0264,17.7818,17.8636,19431
LAMR,30-Nov-2004,39.65,39.79,39.13,39.44,797525
LANC,30-Nov-2004,43.55,43.8,43.17,43.68,83860
LARK,30-Nov-2004,29.74,29.74,28.6,29.54,6815
LAUR,30-Nov-2004,39.48,39.65,39.32,39.39,271785
LAWS,30-Nov-2004,48.27,49.09,48.25,48.58,11401
LBAI,30-Nov-2004,17.5714,17.5714,17.1524,17.2381,32555
LBTYA,30-Nov-2004,10.7282,11.045,10.6541,11.0015,1388200
LBTYB,30-Nov-2004,44.62,45.7,44.62,45.7,7100
LCUT,30-Nov-2004,13.3,13.9,13.3,13.59,10477
LECO,30-Nov-2004,17.61,17.945,17.39,17.945,101219
LFUS,30-Nov-2004,38.65,39.46,38.54,39.02,203363
LGBT,30-Nov-2004,12.4,12.4,11.74,12.19,25836
LGND,30-Nov-2004,66.72,67.44,65.94,67.2,904000
LGVN,30-Nov-2004,2.06,2.37,1.95,2.07,1040542
LIFE,30-Nov-2004,374.92,383.6,371.56,378.7,144980
LJPC,30-Nov-2004,1.43,1.45,1.38,1.41,1092144
LKFN,30-Nov-2004,13.2067,13.3367,13.1767,13.2833,8800
LNDC,30-Nov-2004,6.01,6.44,6.01,6.32,75200
LOGC,30-Nov-2004,1.34,1.4,1.34,1.34,5400
LOGI,30-Nov-2004,14.623,14.798,14.593,14.78,183352
LPSN,30-Nov-2004,2.56,2.67,2.56,2.64,118452
LPTH,30-Nov-2004,4.15,4.21,4.15,4.15,3385
LRCX,30-Nov-2004,26.36,26.41,25.96,26.01,2313569
LSCC,30-Nov-2004,5.48,5.49,5.23,5.338,735054
LSTR,30-Nov-2004,35.625,35.88,35.25,35.255,298682
LTRX,30-Nov-2004,0.96,1,0.96,0.98,39600
LWAY,30-Nov-2004,4.575,4.675,4.575,4.665,26792
LYTS,30-Nov-2004,10.31,10.31,9.92,9.94,120831
MANH,30-Nov-2004,5.91,6.075,5.855,6.075,701548
MANT,30-Nov-2004,23.411,24.3,23.411,23.94,347390
MAPS,30-Nov-2004,12,12.08,11.95,11.95,111006
MARPS,30-Nov-2004,28.12,28.85,27.93,28.85,3595
MAT,30-Nov-2004,18.82,18.97,18.78,18.95,1767400
MATW,30-Nov-2004,36.09,36.87,35.7,36.87,196218
MAYS,30-Nov-2004,14.59,14.59,14.59,14.59,0
MBRX,30-Nov-2004,6.38,7.15,6,7.15,242542
MBWM,30-Nov-2004,38.6667,38.9048,38.5905,38.8571,6243
MCBC,30-Nov-2004,17.226,17.667,17.226,17.667,3660
MCHP,30-Nov-2004,28.37,28.55,27.67,28.18,2261117
MCHX,30-Nov-2004,15.79,16.04,15.55,15.63,174529
MCRI,30-Nov-2004,17.51,17.55,17.305,17.425,270806
MDRX,30-Nov-2004,9.48,10.01,9.48,9.85,405862
MEOH,30-Nov-2004,17.54,17.67,17.22,17.56,254757
MESA,30-Nov-2004,7.05,7.052,6.8,7.02,818705
MGEE,30-Nov-2004,22.8133,23.0267,22.7067,22.8467,28994
MGIC,30-Nov-2004,3.34,3.44,3.31,3.4,8138
MGLN,30-Nov-2004,35.75,35.95,35.51,35.649,640132
MGPI,30-Nov-2004,9.7,9.89,9.3,9.34,53320
MGRC,30-Nov-2004,21.115,21.33,20.995,21.13,104422
MIDD,30-Nov-2004,9.42,9.65,9.42,9.57,40739
MIND,30-Nov-2004,7.04,7.57,7.04,7.5,58996
MKSI,30-Nov-2004,17.24,17.35,16.95,16.99,503622
MKTX,30-Nov-2004,20.425,20.76,19.51,19.6,282918
MKTY,30-Nov-2004,5.54,5.8,5.37,5.52,247085
MLAB,30-Nov-2004,11.751,11.751,11.75,11.75,1487
MLHR,30-Nov-2004,24.73,24.73,24.21,24.563,361842
MMLP,30-Nov-2004,28.35,29.2,28.25,28.8,5716
MMSI,30-Nov-2004,9.2,9.2,9.008,9.088,137983
MNDO,30-Nov-2004,5.14,5.18,4.95,5.09,96720
MNKD,30-Nov-2004,79,79.2,76.85,78.5,31006
MNRO,30-Nov-2004,11.01,11.1167,10.8233,10.9167,7994
MNST,30-Nov-2004,0.7133,0.7269,0.7042,0.7042,150000
MOSY,30-Nov-2004,954,960,930,934,240465
MPAC,30-Nov-2004,12.15,12.15,11.76,12.1,15498
MPWR,30-Nov-2004,9.8,9.99,9.31,9.88,194900
MRBK,30-Nov-2004,34.01,34.351,33.744,34.351,250781
MRCY,30-Nov-2004,31.48,31.85,31.47,31.5,98410
MRLN,30-Nov-2004,17,17.1,16.92,17.06,118561
MRTN,30-Nov-2004,6.504,6.6702,6.4062,6.5071,12740
MRVL,30-Nov-2004,15.625,16.19,15.5,16.03,4589011
MSEX,30-Nov-2004,19.95,19.95,19.39,19.9,14154
MSFT,30-Nov-2004,26.76,27.01,26.7,26.81,76200900
MSON,30-Nov-2004,6.5,6.6,6.31,6.31,18739
MSTR,30-Nov-2004,64.6,65.17,64.08,64.55,242426
MTEX,30-Nov-2004,234,235.9,225,230,244084
MTRX,30-Nov-2004,7.52,7.6,7.35,7.45,420986
MU,30-Nov-2004,11.29,11.29,11.07,11.08,7000400
MVIS,30-Nov-2004,60,60.96,58.96,60.88,235641
MYGN,30-Nov-2004,9.615,9.695,9.47,9.62,323513
NAII,30-Nov-2004,9.2,9.45,9.11,9.39,27105
NATH,30-Nov-2004,7.76,8.5,7.71,8.35,26400
NATI,30-Nov-2004,19.22,19.4333,19.0467,19.0667,262132
NAVI,30-Nov-2004,2.26,2.4,2.25,2.26,2680
NBIX,30-Nov-2004,46.44,46.62,45.8,46,301586
NBTB,30-Nov-2004,25.32,25.44,24.91,25.39,29969
NDAQ,30-Nov-2004,7.02,7.02,6.95,7,30461
NDSN,30-Nov-2004,18.705,19.06,18.56,19.03,84457
NEOG,30-Nov-2004,4.66,4.838,4.66,4.8113,10370
NEON,30-Nov-2004,34.5,34.5,32.9,33.1,3200
NFLX,30-Nov-2004,1.6443,1.6571,1.58,1.6257,1138622
NICE,30-Nov-2004,7.12,7.193,7.04,7.178,223770
NICK,30-Nov-2004,8.6333,8.8933,8.5,8.6667,132160
NKSH,30-Nov-2004,25.965,25.965,25.965,25.965,0
NKTR,30-Nov-2004,15.145,18.685,15.12,18.685,6416472
NNBR,30-Nov-2004,12.67,12.75,12.67,12.74,18459
NOVN,30-Nov-2004,19.39,19.41,18.08,18.28,810241
NRIM,30-Nov-2004,22.41,22.9,22.41,22.9,401
NSEC,30-Nov-2004,21.99,21.99,21.99,21.99,0
NSIT,30-Nov-2004,20.34,20.54,20.18,20.23,320977
NSSC,30-Nov-2004,4.507,4.542,4.369,4.404,22990
NSYS,30-Nov-2004,6.11,6.49,6.01,6.49,4190
NTAP,30-Nov-2004,29.93,30.35,29.78,30.16,4301058
NTCT,30-Nov-2004,7.22,7.57,7.2,7.57,42192
NTES,30-Nov-2004,2.6206,2.65,2.6106,2.646,475044
NTGR,30-Nov-2004,16.37,16.54,16.25,16.4,645656
NTRS,30-Nov-2004,46.96,47.06,46.62,47.04,1282466
NTWK,30-Nov-2004,22.5,23.8,21.1,22.4,275844
NUAN,30-Nov-2004,4.43,4.51,4.28,4.32,213523
NURO,30-Nov-2004,1584,1622.4,1574.4,1620.48,13299
NUVA,30-Nov-2004,9.65,9.75,9.5,9.5,63714
NVAX,30-Nov-2004,70.4,70.4,67.8,68.4,85211
NVDA,30-Nov-2004,1.63,1.6318,1.5858,1.595,4809007
NVEC,30-Nov-2004,30.09,30.31,29.4,29.45,401847
NVMI,30-Nov-2004,3.37,3.57,3.37,3.52,25275
NWFL,30-Nov-2004,32.47,32.47,32.47,32.47,0
NWPX,30-Nov-2004,18.41,19.74,18.41,19.1,20345
NXST,30-Nov-2004,8.24,8.39,8.24,8.35,16124
NYMX,30-Nov-2004,2.5,2.55,2.41,2.55,55250
OBAS,30-Nov-2004,31.5,31.6,31.4,31.55,10700
OBCI,30-Nov-2004,0.96,0.96,0.931,0.931,12522
OCFC,30-Nov-2004,25.24,25.39,25.07,25.36,11040
ODFL,30-Nov-2004,9.2462,9.308,9.1307,9.2933,146481
OFIX,30-Nov-2004,37.95,38.45,37.74,37.931,22383
OIIM,30-Nov-2004,12.2,12.2,12.02,12.1,37600
OMCL,30-Nov-2004,11.05,11.05,10.65,10.75,354345
ONCY,30-Nov-2004,4.56,4.61,4.11,4.13,344800
ONEQ,30-Nov-2004,82.9232,83.2103,82.1708,82.9133,34111
OPEN,30-Nov-2004,26.82,26.88,26.1,26.45,190700
OPHC,30-Nov-2004,436.4,450,416,436.08,11350
OPNT,30-Nov-2004,8.65,8.73,8.61,8.64,35627
OPOF,30-Nov-2004,31.49,31.5,30.61,30.61,1000
OPTN,30-Nov-2004,11.4933,11.9133,11.2867,11.48,476251
ORGN,30-Nov-2004,6.95,7.09,6.9,7.04,68704
ORLY,30-Nov-2004,22,22,21.725,21.77,496798
OSBC,30-Nov-2004,31.51,32.59,31.51,32.59,18765
OSIS,30-Nov-2004,22.11,22.35,21.64,21.72,282068
OSTK,30-Nov-2004,70.4,72.15,68.75,71.26,2657700
OSUR,30-Nov-2004,7.175,7.33,7.11,7.16,225440
OTEX,30-Nov-2004,4.7,4.7325,4.6375,4.65,292944
OTTR,30-Nov-2004,26.95,26.95,26.66,26.93,27508
OVBC,30-Nov-2004,26,26,26,26,166
PAAS,30-Nov-2004,18.34,18.63,17.84,18.11,735207
PACW,30-Nov-2004,1.17,1.32,1.17,1.23,203302
PANL,30-Nov-2004,9.76,9.9,9.67,9.75,55086
PATK,30-Nov-2004,4.9067,4.9111,4.7827,4.9067,2097
PAYX,30-Nov-2004,33.25,33.43,33.16,33.16,1310398
PBCT,30-Nov-2004,13.113,13.26,12.983,13.26,740900
PBHC,30-Nov-2004,18.03,18.03,18.03,18.03,0
PCAR,30-Nov-2004,34.981,35.488,34.737,34.746,1054003
PCTI,30-Nov-2004,8.1,8.25,7.99,8.07,79399
PCYO,30-Nov-2004,7.3,7.87,7.3,7.7,21484
PDCO,30-Nov-2004,40.79,41.25,40.63,40.86,1055924
PDEX,30-Nov-2004,2.77,2.77,2.701,2.701,200
PDFS,30-Nov-2004,13.1,13.34,12.82,12.87,176387
PEBK,30-Nov-2004,11.933,11.933,11.521,11.521,42453
PEBO,30-Nov-2004,32,32.17,31.17,31.19,22766
PEGA,30-Nov-2004,3.555,3.66,3.505,3.625,92473
PENN,30-Nov-2004,26.55,26.605,26.125,26.385,379532
PESI,30-Nov-2004,6.5,6.55,6.3,6.5,502279
PETS,30-Nov-2004,6.35,6.67,6.35,6.5,63985
PFIN,30-Nov-2004,14.75,14.76,14.75,14.75,1500
PFSW,30-Nov-2004,2.55,3,2.54,2.84,658061
PKBK,30-Nov-2004,16.75,17.0455,16.5909,16.9621,5983
PKOH,30-Nov-2004,22.2,22.67,22.15,22.53,98214
PLAB,30-Nov-2004,18.71,19.29,18.42,18.84,1772114
PLAY,30-Nov-2004,32.1,32.15,29.05,29.19,1243311
PLBC,30-Nov-2004,14.04,14.174,14.04,14.04,2134
PLCE,30-Nov-2004,31.5,31.67,30.95,31.66,767373
PLPC,30-Nov-2004,27.21,28.57,27.21,28.25,1400
PLUG,30-Nov-2004,5.84,6.09,5.84,5.91,488325
PLUS,30-Nov-2004,6.275,6.37,6.22,6.285,12195
PLXS,30-Nov-2004,14.06,14.08,13.73,13.75,391034
PMBC,30-Nov-2004,14.25,14.25,14.06,14.18,4755
PNBK,30-Nov-2004,155.5,157.5,155,157.5,4150
PNFP,30-Nov-2004,24.33,24.4,24.05,24.33,12717
PNRG,30-Nov-2004,19.5,19.5,19.5,19.5,353
POOL,30-Nov-2004,31.8,31.91,31.38,31.53,164876
POWI,30-Nov-2004,10.125,10.28,9.865,9.865,418729
POWL,30-Nov-2004,16.28,16.45,16.17,16.17,35847
PPBI,30-Nov-2004,14.09,14.25,13.56,14.25,41275
PRAA,30-Nov-2004,12.5767,12.83,12.3367,12.5,370420
PRFT,30-Nov-2004,5.25,5.25,5.04,5.11,379504
PRGS,30-Nov-2004,15.4067,15.46,14.98,15.1333,247923
PROV,30-Nov-2004,28.76,29.2,28.76,29.12,7825
PSEC,30-Nov-2004,14.09,14.1,14.02,14.1,23438
PSMT,30-Nov-2004,8.34,8.41,7.95,7.95,24460
PSTI,30-Nov-2004,460,460,360,400,900
PTEN,30-Nov-2004,20,20.3,19.87,20.01,1738188
PTIX,30-Nov-2004,6.9,7.13,6.89,7.13,106486
PTNR,30-Nov-2004,7.66,7.8,7.42,7.71,252322
PTSI,30-Nov-2004,20.23,20.3,20.19,20.22,7398
PWOD,30-Nov-2004,33.1667,33.1667,33.1667,33.1667,100
PXLW,30-Nov-2004,11.82,11.94,11.21,11.25,1893772
PZZA,30-Nov-2004,8.75,8.9425,8.6925,8.8925,131745
QCOM,30-Nov-2004,41.4,41.94,41.37,41.62,10636190
QCRH,30-Nov-2004,21.74,21.74,20,20,2200
QDEL,30-Nov-2004,6.3,6.45,6.13,6.45,208848
QQQ,30-Nov-2004,38.9597,39.0489,38.7218,38.7813,87715800
QUIK,30-Nov-2004,34.16,34.86,34.16,34.16,51690
RADA,30-Nov-2004,2.64,2.9,2.64,2.82,9600
RADI,30-Nov-2004,1.32,1.45,1.32,1.409,28765
RAND,30-Nov-2004,13.5,13.95,13.05,13.05,29590
RARE,30-Nov-2004,30.45,30.62,29.96,29.96,207664
RAVN,30-Nov-2004,11.12,11.12,10.65,10.735,73128
RBCAA,30-Nov-2004,26.6667,27.0476,26.2095,26.4286,10000
RBNC,30-Nov-2004,15.55,15.74,15.51,15.54,270869
RCII,30-Nov-2004,25.62,25.94,25.45,25.49,582643
RCKY,30-Nov-2004,20.949,20.95,20.65,20.8,8797
RCMT,30-Nov-2004,5.15,5.22,4.99,5.09,11300
RDCM,30-Nov-2004,2.56,2.58,2.3,2.32,42323
RDWR,30-Nov-2004,12.2,12.805,12.2,12.705,341642
REFR,30-Nov-2004,6.35,6.49,6.22,6.27,21661
REGN,30-Nov-2004,9,9.27,9,9.22,307358
RELL,30-Nov-2004,11.09,11.4,11.09,11.15,37382
RENT,30-Nov-2004,9.77,9.83,9.77,9.8,7120
RFIL,30-Nov-2004,4.125,4.1945,4.0105,4.1405,1565
RGCO,30-Nov-2004,8.1933,8.2133,8.0667,8.0667,1525
RGEN,30-Nov-2004,2.47,2.5,2.31,2.42,209361
RGLD,30-Nov-2004,18.47,18.47,17.25,17.72,580110
RICK,30-Nov-2004,2.8,3.05,2.8,2.949,69020
RIGL,30-Nov-2004,24.54,25.09,24.54,25.02,106243
RMBS,30-Nov-2004,23.72,23.75,23.1,23.11,2051419
RMCF,30-Nov-2004,10.4643,10.7072,10.1714,10.2786,47192
RMTI,30-Nov-2004,3.08,3.12,3.01,3.08,13575
RNST,30-Nov-2004,23.078,23.612,23.052,23.545,7200
RNWK,30-Nov-2004,6.59,6.6,6.28,6.3,709560
ROCK,30-Nov-2004,24.11,24.11,23.74,24.09,277135
ROST,30-Nov-2004,6.89,6.89,6.585,6.725,1179440
RRGB,30-Nov-2004,52.24,52.47,51.3,51.35,83063
RUSHA,30-Nov-2004,6.7367,6.8253,6.6253,6.7587,54809
RUSHB,30-Nov-2004,7.19,7.2213,7.1013,7.168,77648
RVSB,30-Nov-2004,5.413,5.413,5.386,5.386,216
RYAAY,30-Nov-2004,19.305,19.58,19.305,19.575,578109
SAFM,30-Nov-2004,36.51,37.84,36.51,37.25,408989
SAFT,30-Nov-2004,26.88,27.5,26.56,27.5,35400
SALM,30-Nov-2004,24.9,25.1,24.56,24.56,86487
SANM,30-Nov-2004,9.02,9.12,8.83,8.83,7574942
SASR,30-Nov-2004,36.125,36.57,35.81,36.32,14700
SBAC,30-Nov-2004,9,9.65,8.99,9.6,2261665
SBCF,30-Nov-2004,110.8,112.1,108.85,110.4,14968
SBGI,30-Nov-2004,7.19,7.29,7.07,7.21,660479
SBNY,30-Nov-2004,30,31.41,29.86,31.41,114477
SBSI,30-Nov-2004,23.2857,23.9048,23.2857,23.8286,22600
SBUX,30-Nov-2004,14.0475,14.1625,13.985,14.065,2349500
SCHL,30-Nov-2004,32.69,32.98,32.51,32.94,129096
SCHN,30-Nov-2004,38.06,38.3,37.531,37.73,762768
SCKT,30-Nov-2004,1.75,1.94,1.75,1.94,324343
SCSC,30-Nov-2004,32.995,33.245,32.25,32.35,166369
SCVL,30-Nov-2004,8.9267,8.9267,8.6933,8.6933,40287
SEAC,30-Nov-2004,16.99,17.24,16.79,17.08,744185
SEIC,30-Nov-2004,19.51,19.74,19.385,19.555,499109
SENEA,30-Nov-2004,18.25,18.25,18.25,18.25,0
SENEB,30-Nov-2004,19.099,19.099,19.099,19.099,0
SFBC,30-Nov-2004,20.36,20.7,20.2,20.37,5200
SFNC,30-Nov-2004,14.25,14.57,14.075,14.47,29610
SGEN,30-Nov-2004,6.81,6.95,6.7,6.83,160645
SGMA,30-Nov-2004,12.77,13.59,12.77,13.59,58991
SGMO,30-Nov-2004,4.71,4.94,4.55,4.67,263502
SGMS,30-Nov-2004,23.75,24.13,23.49,23.9,1075614
SGRP,30-Nov-2004,1.1,1.8,1.08,1.519,153609
SHBI,30-Nov-2004,31.45,31.86,31.25,31.86,12001
SHEN,30-Nov-2004,10.0015,10.0015,9.518,9.8615,5724
SHOO,30-Nov-2004,2.477,2.494,2.3992,2.4849,49881
SHY,30-Nov-2004,81.51,81.6,81.51,81.54,398000
SIEB,30-Nov-2004,3.071,3.12,3.05,3.05,8782
SIFY,30-Nov-2004,6.79,7.35,6.58,7.13,844942
SIGA,30-Nov-2004,1.62,1.73,1.62,1.68,47891
SIGI,30-Nov-2004,22.2,22.395,22.05,22.395,71122
SINT,30-Nov-2004,864,907.5,855.9,868.2,238321
SIRI,30-Nov-2004,6.79,6.8,6.53,6.63,88469170
SIVB,30-Nov-2004,42.025,42.2709,41.81,41.98,432811
SKYW,30-Nov-2004,19.15,19.5,18.98,19.03,635560
SLAB,30-Nov-2004,30.475,30.6,29.72,30.14,961524
SLGN,30-Nov-2004,6.7238,6.8738,6.6238,6.7875,159800
SMBC,30-Nov-2004,9.25,9.5,9.25,9.5,3800
SMIT,30-Nov-2004,7.14,7.67,7.14,7.65,14330
SMMF,30-Nov-2004,25.95,25.95,25.875,25.875,1576
SMSI,30-Nov-2004,28,29.12,26.68,28.04,608748
SMTC,30-Nov-2004,20.4,21.15,20.29,20.47,2787619
SNFCA,30-Nov-2004,3.14,3.14,3.14,3.14,600
SNPS,30-Nov-2004,17.9,18.07,17.59,17.63,1818394
SOHU,30-Nov-2004,17.119,17.25,16.9,16.95,843943
SONO,30-Nov-2004,30.5,30.5,29.8,29.85,59000
SPNS,30-Nov-2004,1.86,2.009,1.86,1.999,1560
SPPI,30-Nov-2004,5.85,6,5.6,5.63,150049
SPTN,30-Nov-2004,5.15,5.2,5.15,5.18,19540
SRCE,30-Nov-2004,26.04,26.25,25.82,26.25,9900
SRCL,30-Nov-2004,21.185,21.185,20.85,20.895,845495
SRDX,30-Nov-2004,29.96,30.25,29.96,30.1,155923
SSTI,30-Nov-2004,7.25,7.25,6.949,6.96,2218023
SSYS,30-Nov-2004,16.13,16.2,15.985,16.15,103610
STAA,30-Nov-2004,5.7,6,5.6,5.94,139595
STBA,30-Nov-2004,36.95,36.97,36.23,36.71,76558
STFC,30-Nov-2004,27.14,27.24,26.73,26.8,27515
STKL,30-Nov-2004,6.19,6.19,6,6.05,275625
STLD,30-Nov-2004,10.105,10.268,10.068,10.133,960400
STRA,30-Nov-2004,108.89,108.89,105.98,107.48,98656
STRC,30-Nov-2004,4.96,5.73,4.96,5.22,13469
STRS,30-Nov-2004,14.85,14.85,14.63,14.85,8166
STRT,30-Nov-2004,63,63,62.66,63,1147
STSA,30-Nov-2004,1782.462,1786.884,1758.24,1758.702,186558
SUNW,30-Nov-2004,38.43,39.34,38.22,38.85,67414910
SVBI,30-Nov-2004,20.3245,20.3245,19.6,19.975,6950
SWIR,30-Nov-2004,19.17,19.49,18.869,18.89,696493
SWKS,30-Nov-2004,9.8,9.97,9.77,9.93,2217457
SYBT,30-Nov-2004,15.4533,15.4667,15.24,15.2667,14600
SYNA,30-Nov-2004,37.67,39.38,37.1,38.4,793731
SYNL,30-Nov-2004,9.75,9.75,9.75,9.75,1600
SYPR,30-Nov-2004,15.94,16.6,15.94,16.4,33541
TACT,30-Nov-2004,22.96,22.96,21.65,22.35,148693
TAIT,30-Nov-2004,2.43,2.49,2.4,2.49,5725
TALK,30-Nov-2004,6.28,6.38,6.24,6.32,420089
TAYD,30-Nov-2004,2.411,2.59,2.411,2.44,16650
TBBK,30-Nov-2004,18,18.4,17.84,17.84,4700
TCBI,30-Nov-2004,20.21,20.69,20,20.62,158209
TCBK,30-Nov-2004,23.81,24,23.81,23.82,5007
TCX,30-Nov-2004,2.44,2.44,2.36,2.4,15800
TEAM,30-Nov-2004,9.4,9.4,9.24,9.39,10367
TECH,30-Nov-2004,38.07,38.6,37.15,37.4,3175986
TESS,30-Nov-2004,5.8967,5.9627,5.892,5.914,7450
THFF,30-Nov-2004,36.05,36.32,35.89,36.32,7184
THRX,30-Nov-2004,17.25,17.92,17.15,17.61,29312
TLT,30-Nov-2004,86.94,87.16,86.63,86.94,1754500
TRIB,30-Nov-2004,11.68,11.8,11.6,11.6,28354
TRMB,30-Nov-2004,7.83,8.095,7.83,7.8925,337431
TRMD,30-Nov-2004,220.8,226.95,217.2,224.5,25883
TRMK,30-Nov-2004,30.62,31.01,30.62,30.8,65879
TRNS,30-Nov-2004,2.89,3.1,2.52,3,6300
TROW,30-Nov-2004,29.5,29.585,29.18,29.58,637727
TRST,30-Nov-2004,14.17,14.17,13.9,14.1,129801
TRUE,30-Nov-2004,27.75,28.15,27.75,27.75,11600
TSBK,30-Nov-2004,12.395,12.395,12.21,12.25,5993
TSCO,30-Nov-2004,8.225,8.2603,7.93,7.93,571731
TSEM,30-Nov-2004,31.5,31.5,30,30.6,46455
TSRI,30-Nov-2004,6.99,6.99,6.97,6.97,300
TTEC,30-Nov-2004,9.79,9.96,9.76,9.77,150819
TTEK,30-Nov-2004,7.635,7.675,7.455,7.62,506723
TTMI,30-Nov-2004,10.25,10.55,10.07,10.38,925773
TTWO,30-Nov-2004,22.9633,23.7467,22.9533,23.3,1795056
TW,30-Nov-2004,12.95,13.04,12.83,12.98,92300
TWIN,30-Nov-2004,6.275,6.3,6.275,6.278,1000
TXN,30-Nov-2004,24.72,24.75,24.17,24.18,9337500
TXRH,30-Nov-2004,12.7,12.745,12.55,12.7,125639
TZOO,30-Nov-2004,80.99,94.44,80,93,4562870
UBCP,30-Nov-2004,16.6818,16.8,16.5,16.5,17266
UBFO,30-Nov-2004,12.29,12.485,12.29,12.445,11096
UBOH,30-Nov-2004,15.8,15.8,15.8,15.8,100
UBSI,30-Nov-2004,37.87,38.31,37.83,38.27,73016
UCBI,30-Nov-2004,28.35,28.83,28,28.66,19687
UCTT,30-Nov-2004,5,5.27,5,5.27,21639
UEIC,30-Nov-2004,17.89,18.3,17.88,18.25,26297
UEPS,30-Nov-2004,10.8,12,10.8,11.52,169005
UFCS,30-Nov-2004,33.9,34.025,33.3,33.3,118352
UFPI,30-Nov-2004,42.7,43.5,42.37,43.16,37853
UFPT,30-Nov-2004,3.45,3.48,3.29,3.41,3200
UHAL,30-Nov-2004,40.32,41.3,40.21,41.15,94844
ULBI,30-Nov-2004,15.4,15.4,14.94,15.04,119184
UMBF,30-Nov-2004,27.9,28.1,27.895,28.005,40781
UMPQ,30-Nov-2004,25.16,25.58,25.15,25.57,130600
UNAM,30-Nov-2004,7.39,7.5,7.3,7.47,8183
UNTY,30-Nov-2004,11.4762,11.4762,11.4762,11.4762,514
URBN,30-Nov-2004,21.75,21.75,20.8,21.25,1972076
USAK,30-Nov-2004,12.25,12.5,12.23,12.38,16720
USAP,30-Nov-2004,14.8,15.23,14.65,14.71,21123
USEG,30-Nov-2004,171,185.4,171,179.4,46650
USLM,30-Nov-2004,10.75,11.05,10.75,11.05,19748
UTHR,30-Nov-2004,21.89,22.475,21.44,22.005,735519
UTMD,30-Nov-2004,21.71,21.99,21.42,21.7,16400
UTSI,30-Nov-2004,57.03,59.07,56.55,58.62,4401600
UVSP,30-Nov-2004,31.06,31.3933,30.9667,31.3933,4650
VALU,30-Nov-2004,40,40.55,40,40,1300
VBFC,30-Nov-2004,188,193.44,188,193.44,400
VECO,30-Nov-2004,19.93,19.93,19.3,19.39,528402
VIA,30-Nov-2004,35.75,35.84,35.45,35.57,236500
VICR,30-Nov-2004,10.89,11.13,10.75,10.87,155243
VITL,30-Nov-2004,37.16,38.2,37.02,37.41,25437
VIVO,30-Nov-2004,7.212,7.412,7.198,7.363,135445
VLGEA,30-Nov-2004,9.875,9.875,9.875,9.875,100
VOD,30-Nov-2004,27.36,27.49,27.14,27.27,2483400
VOXX,30-Nov-2004,15.37,15.4,14.81,14.95,233782
VRNT,30-Nov-2004,42.19,42.22,41.14,41.14,109647
VRSN,30-Nov-2004,32.7,33.89,32.47,32.9,5421369
VRTX,30-Nov-2004,10.46,10.71,10.33,10.62,682628
VSAT,30-Nov-2004,20.95,21.18,20.66,20.87,111282
VSEC,30-Nov-2004,6.6675,6.6675,6.3275,6.34,11100
VSTA,30-Nov-2004,16.96,17.34,16.86,17,250700
VTRU,30-Nov-2004,34.87,35.19,34.49,34.7,37719
WABC,30-Nov-2004,57.75,58.52,57.7,58.16,121020
WAFD,30-Nov-2004,26.99,27,26.61,26.97,270500
WASH,30-Nov-2004,29.15,29.42,29.1,29.35,9811
WDC,30-Nov-2004,9.4,9.78,9.35,9.77,2228700
WDFC,30-Nov-2004,29.45,29.45,28.89,29.21,30928
WERN,30-Nov-2004,22.89,22.93,22.44,22.5,481708
WEYS,30-Nov-2004,20.17,20.5,20.17,20.26,1000
WINA,30-Nov-2004,26.5,26.65,26.5,26.65,1361
WIRE,30-Nov-2004,13.2,13.79,13.15,13.475,287509
WLFC,30-Nov-2004,8.62,8.9,8.62,8.9,2204
WOOF,30-Nov-2004,18.82,18.95,18.55,18.56,1128796
WRLD,30-Nov-2004,26.45,26.59,25.61,25.79,89659
WSBC,30-Nov-2004,32.12,32.48,31.61,31.61,75331
WSFS,30-Nov-2004,20.5733,20.6967,20.24,20.4167,37986
WTBA,30-Nov-2004,17.35,17.35,17.24,17.34,8538
WTFC,30-Nov-2004,59.2,60.6,59.01,59.84,127307
WVFC,30-Nov-2004,17.25,17.25,17,17,300
WVVI,30-Nov-2004,3.05,3.05,2.58,2.89,3700
WYNN,30-Nov-2004,58.98,59.08,57.85,58.09,678140
XLNX,30-Nov-2004,31.51,31.84,31.14,31.22,5978080
XOMA,30-Nov-2004,40,40.8,39.6,40,407212
XRAY,30-Nov-2004,26.365,26.495,26.035,26.305,337557
XRTX,30-Nov-2004,13.76,14.23,13.7,14.2,16952
YORW,30-Nov-2004,13.34,13.34,12.693,13.113,12026
ZBRA,30-Nov-2004,51.54,51.54,49.69,50.28,1216066
ZEUS,30-Nov-2004,23.12,27.18,23.11,27,1366684
ZION,30-Nov-2004,65.78,66.5,65.42,66.5,546357
ZIXI,30-Nov-2004,4.65,4.77,4.47,4.58,374642
