Symbol,Date,Open,High,Low,Close,Volume
AAME,08-Jun-2001,1.85,1.85,1.85,1.85,0
AAON,08-Jun-2001,2.1081,2.1167,2.0886,2.0886,33300
AAPL,08-Jun-2001,0.3866,0.3866,0.3698,0.3807,12236600
ABCB,08-Jun-2001,9.3,9.3,9.2083,9.2083,2400
ABMD,08-Jun-2001,24.9,24.9,23.54,23.75,69300
ACBA,08-Jun-2001,5.003,5.003,5.003,5.003,0
ACET,08-Jun-2001,2.8267,2.8445,2.8267,2.8297,10462
ACGL,08-Jun-2001,1.88,1.88,1.8711,1.8722,36400
ACLS,08-Jun-2001,71.96,71.96,65.64,67.56,928700
ACMR,08-Jun-2001,13.15,13.35,12.85,13.21,21600
ADBE,08-Jun-2001,21.325,21.35,20.665,21.015,2752200
ADI,08-Jun-2001,51.27,51.27,48.2,49.31,1748300
ADP,08-Jun-2001,48.727,48.7356,47.9281,47.9808,694800
ADPT,08-Jun-2001,9.55,9.6,9.3,9.36,483700
ADSK,08-Jun-2001,8.71,9.05,8.6325,8.875,2834800
ADTN,08-Jun-2001,12.7563,12.7563,12.3866,12.4586,385200
AEHR,08-Jun-2001,4.25,4.49,4.25,4.3,10900
AEIS,08-Jun-2001,40.25,40.48,39.12,39.81,274600
AEZS,08-Jun-2001,5022,5022,4530,4530,2400
AGEN,08-Jun-2001,19.6,19.6,18,18.31,51100
AGIL,08-Jun-2001,18.7,19.5,17.84,18.24,1284100
AGYS,08-Jun-2001,11.97,12.48,11.871,12.41,68200
AHPI,08-Jun-2001,3.25,3.25,3.25,3.25,0
AIRT,08-Jun-2001,4.17,4.17,4.17,4.17,100
AKAM,08-Jun-2001,9.64,9.64,9.25,9.25,963100
ALCO,08-Jun-2001,27,27,26.63,26.63,7300
ALGN,08-Jun-2001,9.45,9.47,9,9.3,48500
ALKS,08-Jun-2001,35.24,35.29,34.25,34.65,305400
ALOT,08-Jun-2001,3.491,3.491,3.491,3.491,0
ALTR,08-Jun-2001,29.01,29.01,27.31,27.89,6392500
ALVR,08-Jun-2001,58.3,58.3,56,56,75300
AMAT,08-Jun-2001,28.135,28.135,27.085,27.635,27524000
AMD,08-Jun-2001,30.9,31.79,30.1,31.1,9640100
AMED,08-Jun-2001,7.388,8.063,7.388,7.875,132300
AMGN,08-Jun-2001,69,69,67.2,67.45,3227200
AMKR,08-Jun-2001,22.41,23.09,21.98,22.73,1246700
AMNB,08-Jun-2001,18.5,18.75,18.5,18.75,5800
AMOT,08-Jun-2001,3.95,4.1,3.9,3.93,28800
AMPH,08-Jun-2001,2.16,2.16,2.11,2.15,8200
AMPL,08-Jun-2001,108.7,109.6,103,104,18300
AMRN,08-Jun-2001,9.37,10.12,9.37,10,86500
AMSC,08-Jun-2001,267,272.5,260.5,266.5,169300
AMSWA,08-Jun-2001,1.84,1.84,1.78,1.78,8700
AMWD,08-Jun-2001,17.5,18.175,17.495,17.995,222400
AMZN,08-Jun-2001,16.25,16.33,15.65,15.7,2514300
ANAT,08-Jun-2001,74.54,75.62,74.29,75.1,14000
ANDE,08-Jun-2001,2.9133,2.9133,2.8767,2.8767,1900
ANGN,08-Jun-2001,1.53,1.68,1.52,1.52,2800
ANIK,08-Jun-2001,1.3,1.35,1.29,1.3,17100
ANSS,08-Jun-2001,3.645,3.8,3.628,3.75,689800
APAC,08-Jun-2001,3.45,3.45,3.35,3.35,136900
APOG,08-Jun-2001,11.32,11.99,11.32,11.93,80000
APTM,08-Jun-2001,0.135,0.135,0.13,0.135,38100
ARKR,08-Jun-2001,8.25,8.25,8.25,8.25,5000
ARLP,08-Jun-2001,5.8875,6,5.8875,5.925,59900
ARNA,08-Jun-2001,269.1,288,269.1,277.7,81300
AROW,08-Jun-2001,16.08,16.3089,15.6749,15.7805,8088
ARRY,08-Jun-2001,7.8,7.92,7.65,7.7,39800
ARTL,08-Jun-2001,2.9335,2.95,2.8346,2.95,3500
ARTNA,08-Jun-2001,11.122,11.122,11.122,11.122,900
ARTW,08-Jun-2001,2.3,2.3,2.3,2.3,0
ARWR,08-Jun-2001,3.25,3.25,3.25,3.25,0
ASML,08-Jun-2001,25.45,25.5,25.01,25.4,2626000
ASRV,08-Jun-2001,5.31,5.35,5.24,5.3,16300
ASTE,08-Jun-2001,18,18.25,17.75,17.87,66300
ASYS,08-Jun-2001,11.95,12,11,11.38,44300
ATLO,08-Jun-2001,12.6667,12.6667,12.6667,12.6667,0
ATRI,08-Jun-2001,23.35,25,23.34,24.85,26700
ATRO,08-Jun-2001,7.2654,7.2654,6.3,6.51,1518
ATVI,08-Jun-2001,3.3185,3.3275,3.1875,3.229,5071950
AUBN,08-Jun-2001,11.4,11.4,11.4,11.4,0
AUDC,08-Jun-2001,7.89,8,7.54,7.57,846300
AVCT,08-Jun-2001,24.35,24.55,23.02,23.43,192600
AVID,08-Jun-2001,16,16.23,15.7,15.92,46800
AWRE,08-Jun-2001,9.7,9.96,9.31,9.83,103900
AXTI,08-Jun-2001,25.95,26.45,25.1,25.51,153100
AZPN,08-Jun-2001,27.36,28.62,26.95,27.6,356100
BANF,08-Jun-2001,19.5,19.5,19.5,19.5,100
BANR,08-Jun-2001,140.77,141.54,140.42,141.4,9500
BBBY,08-Jun-2001,30.89,30.89,29.43,30.34,1824900
BBGI,08-Jun-2001,14.75,14.75,13.9,13.95,2800
BBSI,08-Jun-2001,2.4,2.4,2.4,2.4,300
BCPC,08-Jun-2001,3.61,3.65,3.442,3.65,93900
BCRX,08-Jun-2001,4.24,4.55,4.2,4.52,46000
BELFA,08-Jun-2001,28.5,29.1,28.5,29.1,12900
BELFB,08-Jun-2001,29.37,29.37,28.4,29.1,22200
BIIB,08-Jun-2001,66.9095,67.3056,65.5831,66.0068,2087700
BJRI,08-Jun-2001,3.9,3.9,3.64,3.65,16300
BKSC,08-Jun-2001,11.157,11.157,11.157,11.157,0
BLDP,08-Jun-2001,53.5,53.5,50.65,50.9,394200
BLUE,08-Jun-2001,20.65,21.35,20.51,21.21,35471
BMRC,08-Jun-2001,6.234,6.234,6.234,6.234,0
BMRN,08-Jun-2001,12.13,12.38,12.13,12.21,59200
BMTC,08-Jun-2001,15.06,15.1,15.06,15.1,1800
BNSO,08-Jun-2001,5.1,5.3,5.1,5.3,1900
BOKF,08-Jun-2001,23.6564,23.6564,23.5649,23.6564,57477
BOOM,08-Jun-2001,1.58,1.58,1.535,1.535,3200
BOSC,08-Jun-2001,35.04,37.6,35.04,37.6,475
BPOP,08-Jun-2001,156,156.05,154.15,155.7,65800
BRID,08-Jun-2001,12.9,12.9,12.9,12.9,100
BRKL,08-Jun-2001,6.3879,6.4107,6.3421,6.4061,100381
BRKR,08-Jun-2001,20,20.03,19.45,19.48,66100
BRKS,08-Jun-2001,56.95,57.13,55.35,56,295800
BRLI,08-Jun-2001,1.14,1.2,1.075,1.15,25100
BSET,08-Jun-2001,14.06,14.53,14,14.53,3900
BSML,08-Jun-2001,48.3,51,46.8,48.36,42600
BSQR,08-Jun-2001,31.36,31.4,28.48,29.72,59600
BSRR,08-Jun-2001,6.7,6.7,6.7,6.7,100
BUSE,08-Jun-2001,13.56,13.56,13.56,13.56,450
BYFC,08-Jun-2001,5.075,5.075,5.075,5.075,0
CACC,08-Jun-2001,7.35,7.35,7.1,7.1,6400
CAKE,08-Jun-2001,15.4178,16.0133,15.3778,15.9422,644175
CALM,08-Jun-2001,1.2125,1.2125,1.1825,1.1825,18800
CAMP,08-Jun-2001,5.22,6.04,4.05,4.36,2109100
CAMT,08-Jun-2001,7,7,6.65,6.86,25700
CASA,08-Jun-2001,2.99,2.99,2.99,2.99,500
CASH,08-Jun-2001,4.1067,4.1067,4.09,4.09,2600
CASS,08-Jun-2001,11.434,11.434,11.434,11.434,3694
CASY,08-Jun-2001,11.11,11.2,11.05,11.16,56600
CATY,08-Jun-2001,13.3775,13.42,13.25,13.42,7600
CBAN,08-Jun-2001,7.36,7.68,7.36,7.68,625
CBRL,08-Jun-2001,16.96,17.45,16.96,17,154400
CBSH,08-Jun-2001,29.5926,29.6996,29.5597,29.6996,171750
CCBG,08-Jun-2001,14.08,14.08,14.08,14.08,468
CCMP,08-Jun-2001,71.41,71.41,67.65,68.2,605300
CCNE,08-Jun-2001,8,8,8,8,0
CDZI,08-Jun-2001,250.25,251.5,248.75,250.25,3628
CECE,08-Jun-2001,2.16,2.16,2.16,2.16,0
CENT,08-Jun-2001,6.15,7.55,6.15,7.22,87900
CENX,08-Jun-2001,21.1,21.2,20.95,21.2,35600
CERN,08-Jun-2001,5.5375,5.5563,5.4313,5.4638,242400
CERS,08-Jun-2001,75.5,75.5,72.49,73.13,67800
CFFI,08-Jun-2001,16.49,16.49,16.49,16.49,600
CFFN,08-Jun-2001,18.75,18.9,18.21,18.25,78300
CGEN,08-Jun-2001,5.02,5.02,4.8,4.85,36600
CGNX,08-Jun-2001,7.3125,7.3375,7.2675,7.295,293500
CHCO,08-Jun-2001,9.49,9.8,9.39,9.5,11300
CHDN,08-Jun-2001,9.9833,10,9.95,10,9900
CHKP,08-Jun-2001,51.85,51.9,49.26,49.99,8889100
CHNR,08-Jun-2001,2.95,3.25,2.95,3.25,700
CHRS,08-Jun-2001,5.56,5.63,5.4,5.53,157700
CHRW,08-Jun-2001,14.605,15.04,14.325,14.725,444800
CHTR,08-Jun-2001,22.51,22.54,22,22.5,2034600
CINF,08-Jun-2001,37.4603,37.7778,37.0068,37.6508,224137
CLBK,08-Jun-2001,13.44,13.44,13.44,13.44,0
CLRO,08-Jun-2001,12.41,12.75,12.41,12.6,15700
CLWT,08-Jun-2001,2.6727,2.6727,2.6727,2.6727,3276
CMCO,08-Jun-2001,9.4,9.4,9.25,9.38,50400
CMCSA,08-Jun-2001,13.3165,13.4965,13.1735,13.34,39400
CMLS,08-Jun-2001,98.08,98.8,96,98,170200
CMTL,08-Jun-2001,7.6,7.6,7.1778,7.3333,153675
CNBKA,08-Jun-2001,20,20,20,20,0
CNET,08-Jun-2001,11.2,11.22,10.5,10.67,547800
CNOB,08-Jun-2001,17.75,17.75,17,17,14200
CNTY,08-Jun-2001,2.21,2.22,2.19,2.2,23700
COCO,08-Jun-2001,11.1,11.66,11.05,11.4875,516800
COHR,08-Jun-2001,37.2,37.2,36.5,37.04,192800
COHU,08-Jun-2001,21.98,21.98,21.5,21.69,51500
COKE,08-Jun-2001,40.735,40.735,40.4,40.4,1600
COLB,08-Jun-2001,11.746,11.9728,10.6576,10.6576,23151
COLM,08-Jun-2001,24.005,24.105,23.75,23.955,57000
COMS,08-Jun-2001,5.64,5.7,5.46,5.46,2222100
COOL,08-Jun-2001,793.8,1029,735,1029,1498
COOP,08-Jun-2001,5.114,5.336,5.114,5.336,6150
COST,08-Jun-2001,40.93,40.96,40.18,40.39,2421600
CPRT,08-Jun-2001,4.28,4.3917,4.25,4.29,927750
CPSS,08-Jun-2001,1.81,1.81,1.75,1.75,5900
CRAI,08-Jun-2001,14.9,14.99,14.8,14.8,2300
CRESY,08-Jun-2001,9,9.85,9,9.85,10400
CRIS,08-Jun-2001,29.7,29.75,28.25,28.75,81400
CRMT,08-Jun-2001,2.5,2.5,2.5,2.5,900
CRNT,08-Jun-2001,3.26,3.26,3.22,3.25,16800
CRUS,08-Jun-2001,22.56,22.89,21.53,21.84,1395900
CRVL,08-Jun-2001,8.026,8.026,8.004,8.026,10500
CSCO,08-Jun-2001,21.29,21.36,20.32,20.49,51476500
CSGP,08-Jun-2001,26.52,27.07,25.32,25.32,21000
CSGS,08-Jun-2001,62.55,62.86,57.26,59.8,529900
CSPI,08-Jun-2001,3.74,3.8,3.74,3.74,6200
CSTL,08-Jun-2001,0.95,0.95,0.95,0.95,0
CSTR,08-Jun-2001,19.65,19.75,18.99,18.99,16900
CSWC,08-Jun-2001,15.875,16.0025,15.875,16.0025,5500
CSX,08-Jun-2001,6.3333,6.35,6.2483,6.2833,432400
CTAS,08-Jun-2001,47,47.25,45.01,45.88,1091100
CTBI,08-Jun-2001,16.2885,16.7168,16.2659,16.7168,38732
CTEC,08-Jun-2001,6.76,7.18,6.76,7.18,24400
CTHR,08-Jun-2001,1.3571,1.419,1.3429,1.3429,12809
CTIB,08-Jun-2001,1.26,1.428,1.26,1.428,1309
CTIC,08-Jun-2001,5410,5412,4978,5290,321800
CTSH,08-Jun-2001,1.8165,1.8585,1.8165,1.8365,792600
CTXS,08-Jun-2001,23.0892,23.8854,22.8344,22.8981,6193900
CUBA,08-Jun-2001,4.39,4.39,4.35,4.35,3200
CVBF,08-Jun-2001,6.703,6.732,6.684,6.688,25350
CVCY,08-Jun-2001,4.325,4.325,4.325,4.325,0
CVLY,08-Jun-2001,12.5462,12.5462,12.5462,12.5462,0
CWBC,08-Jun-2001,6.1,6.1,6.02,6.02,3800
CWCO,08-Jun-2001,4.53,4.6,4.53,4.6,1600
CWST,08-Jun-2001,9.7,10.64,9.7,10.57,225500
CYAN,08-Jun-2001,6.44,6.44,5.96,6.4,9600
CYBE,08-Jun-2001,13.42,13.74,13.2,13.47,37400
CYTO,08-Jun-2001,51.1,52.3,49,49,17030
CZNC,08-Jun-2001,13.2936,13.3897,13.2936,13.3897,1560
DAIO,08-Jun-2001,2.27,2.27,2.27,2.27,400
DAKT,08-Jun-2001,6.45,7.31,6.125,7.31,353000
DCOM,08-Jun-2001,8.8297,8.8711,8.7555,8.8711,45562
DDMX,08-Jun-2001,1.95,1.95,1.8,1.9,4600
DENN,08-Jun-2001,1.01,1.01,1.01,1.01,3900
DGICA,08-Jun-2001,7.819,7.819,7.678,7.678,2266
DGICB,08-Jun-2001,9.2327,9.2327,9.2327,9.2327,666
DGII,08-Jun-2001,9.01,9.06,9.01,9.01,21200
DHIL,08-Jun-2001,5.35,5.35,5.35,5.35,0
DIOD,08-Jun-2001,3.175,3.264,3.16,3.264,52200
DISH,08-Jun-2001,31.14,32,30.75,31.2,3474400
DJCO,08-Jun-2001,29.5,29.5,29.5,29.5,0
DLTR,08-Jun-2001,8.4184,8.4834,8.27,8.2834,575700
DMRC,08-Jun-2001,19.7,19.79,18.35,19.36,147800
DRIV,08-Jun-2001,5.45,5.45,5.03,5.04,123100
DRRX,08-Jun-2001,13.33,13.58,13.25,13.45,148900
DSGX,08-Jun-2001,18.45,18.45,17.27,17.37,121700
DSPG,08-Jun-2001,17.5639,17.8346,17.3465,17.6127,278300
DSWL,08-Jun-2001,6.9778,6.9778,6.72,6.72,23625
DWSN,08-Jun-2001,10.95,11.25,10.95,11.25,45300
DXPE,08-Jun-2001,1.24,1.24,1.24,1.24,0
DXYN,08-Jun-2001,4.49,4.55,4.32,4.55,33800
DYNT,08-Jun-2001,14.5,14.5,14.2,14.3,7900
EBAY,08-Jun-2001,6.8547,6.8558,6.6526,6.6895,10184000
EBIX,08-Jun-2001,1.8667,1.8667,1.8667,1.8667,750
ECHO,08-Jun-2001,2.8,2.8,2.8,2.8,750
ECOL,08-Jun-2001,2.59,2.65,2.36,2.62,17600
ECPG,08-Jun-2001,0.6,0.6,0.6,0.6,0
EDAP,08-Jun-2001,2.75,2.85,2.75,2.75,14800
EDUC,08-Jun-2001,1.62,1.65,1.62,1.625,19000
EEFT,08-Jun-2001,6.9,7.04,6.41,6.6,69300
EFSC,08-Jun-2001,13,13,13,13,0
EGBN,08-Jun-2001,8.3242,8.3242,8.3242,8.3242,728
EGLE,08-Jun-2001,20563.2,21772.8,20563.2,21772.8,800
ELSE,08-Jun-2001,4.1,4.1,4,4,500
ELTK,08-Jun-2001,4.38,4.38,4.29,4.3,3500
EMKR,08-Jun-2001,127.4,129.68,121.12,129.52,316900
ENDP,08-Jun-2001,11.16,11.16,10.9,10.93,25200
ENTG,08-Jun-2001,14.2,14.2,13.28,13.28,265700
EPAY,08-Jun-2001,5.42,5.8,5.38,5.6,59000
EPIX,08-Jun-2001,170.8,170.8,161,162,56500
EQIX,08-Jun-2001,45.44,45.76,41.28,43.2,6559
ERES,08-Jun-2001,0.763,0.763,0.7482,0.763,6750
ERIE,08-Jun-2001,35.88,35.95,35.75,35.75,4100
ESBK,08-Jun-2001,16.2215,16.8363,16.2215,16.5632,4392
ESCA,08-Jun-2001,3.9584,3.9584,3.9584,3.9584,14400
ESGR,08-Jun-2001,18.9,19.15,18.9,19.15,2000
ESLT,08-Jun-2001,15.1,15.32,15.08,15.32,17100
EVOL,08-Jun-2001,4.69,5,4.4,4.42,90700
EWBC,08-Jun-2001,11.9925,12.05,11.96,11.98,185400
EWEB,08-Jun-2001,4.5,4.55,4.45,4.45,1360
EXAS,08-Jun-2001,11.835,13.32,11.21,13.32,63700
EXEL,08-Jun-2001,16.88,17.49,16.45,17.04,363600
EXPD,08-Jun-2001,16.063,16.125,15.65,15.975,484200
EXPO,08-Jun-2001,5.45,5.625,5.45,5.495,2200
EXTR,08-Jun-2001,32.84,32.96,31.14,32.1,2986300
EZPW,08-Jun-2001,0.849,0.849,0.849,0.849,3200
FARM,08-Jun-2001,23.1,23.1,23.1,23.1,0
FARO,08-Jun-2001,2.73,2.73,2.72,2.72,1100
FAST,08-Jun-2001,4.057,4.1483,4.047,4.1083,226800
FBNC,08-Jun-2001,16.6667,16.7267,16.6667,16.6667,16500
FCAP,08-Jun-2001,11,11,11,11,200
FCBC,08-Jun-2001,22.7273,23.2232,22.7273,22.9752,12584
FCCO,08-Jun-2001,10.44,10.44,10.44,10.44,0
FCCY,08-Jun-2001,13.35,13.4,13.25,13.4,10600
FCEL,08-Jun-2001,5865.12,5891.04,5609.52,5628.24,1092800
FCFS,08-Jun-2001,1.234,1.234,1.217,1.217,25800
FCNCA,08-Jun-2001,97.75,97.98,97.75,97.97,4800
FELE,08-Jun-2001,9.125,9.125,8.9938,9,28400
FFBC,08-Jun-2001,15.53,15.53,15.22,15.25,905600
FFIC,08-Jun-2001,10.1333,10.1333,10.0667,10.0667,15300
FFIN,08-Jun-2001,3.1,3.1,3.025,3.025,18500
FFIV,08-Jun-2001,2.872,2.873,2.65,2.698,212100
FISI,08-Jun-2001,22.15,22.15,21.5,21.58,15700
FISV,08-Jun-2001,9.4984,9.5,9.0834,9.2017,897600
FITB,08-Jun-2001,60.01,60.05,59.51,59.93,837800
FLEX,08-Jun-2001,28.9,28.9,27.1,27.31,5441700
FLIC,08-Jun-2001,17.8889,17.8889,17.8889,17.8889,0
FLWS,08-Jun-2001,10.4,10.5,10.22,10.4,182000
FLXS,08-Jun-2001,11.94,11.94,11.94,11.94,0
FMBI,08-Jun-2001,23.312,23.536,23.08,23.504,50750
FNLC,08-Jun-2001,5.8833,5.8833,5.7333,5.7333,2700
FONR,08-Jun-2001,1.71,1.72,1.64,1.72,202300
FORD,08-Jun-2001,1.11,1.15,1.03,1.03,2300
FORM,08-Jun-2001,2.2,2.21,2.2,2.21,28100
FORR,08-Jun-2001,23.845,23.85,23.29,23.31,327500
FORTY,08-Jun-2001,23.5,23.99,23.5,23.99,200
FOSL,08-Jun-2001,10.1955,10.2222,10.1955,10.1955,145800
FRBK,08-Jun-2001,4.2228,4.2228,4.1729,4.1729,862
FRME,08-Jun-2001,19.1772,19.1772,19.0822,19.1772,7523
FSII,08-Jun-2001,12.55,12.9,11.5,11.76,125600
FSTR,08-Jun-2001,3.85,3.85,3.65,3.65,700
FTEK,08-Jun-2001,2.705,2.88,2.67,2.87,194200
FULT,08-Jun-2001,12.3501,12.3646,12.1557,12.173,93712
FUNC,08-Jun-2001,13.3,13.3,13.26,13.3,1300
FUND,08-Jun-2001,6.15,6.3,6.15,6.16,6200
FWRD,08-Jun-2001,18.68,18.92,18,18.6333,691200
GABC,08-Jun-2001,8.8054,8.8054,8.4541,8.4771,5556
GAIA,08-Jun-2001,12.6,14.53,12.6,14.11,12900
GBCI,08-Jun-2001,6.698,6.888,6.698,6.884,54140
GCBC,08-Jun-2001,2.9375,2.9375,2.85,2.85,5400
GENE,08-Jun-2001,340.6,340.8,298.2,300.6,2393600
GERN,08-Jun-2001,15.61,16.4,14.85,14.9,410200
GFED,08-Jun-2001,11,11,11,11,0
GGAL,08-Jun-2001,17.29,17.43,17.05,17.26,406000
GIFI,08-Jun-2001,16.9,16.9,16.28,16.52,6200
GIGM,08-Jun-2001,1.297,1.297,1.229,1.2385,158300
GIII,08-Jun-2001,3.215,3.215,2.985,3.215,7700
GILD,08-Jun-2001,3.378,3.378,3.233,3.247,5847600
GLBL,08-Jun-2001,15.37,16,15.33,15.89,448600
GLBZ,08-Jun-2001,11.3889,11.3889,11.3889,11.3889,0
GLNG,08-Jun-2001,0.125,0.125,0.125,0.125,0
GNSS,08-Jun-2001,31,33.6,30.84,33.49,2866300
GNTX,08-Jun-2001,7.6725,7.7125,7.5575,7.56,889600
GRIL,08-Jun-2001,2.9,2.9,2.9,2.9,800
GRIN,08-Jun-2001,2.44,3.2,2.28,2.6,5825
GRMN,08-Jun-2001,11.28,11.465,11.075,11.3,218100
GROW,08-Jun-2001,0.505,0.505,0.5,0.5,10700
GSBC,08-Jun-2001,12.435,12.475,12.375,12.475,11200
GT,08-Jun-2001,29.35,29.9,29.25,29.9,652900
GTIM,08-Jun-2001,1.7,1.7,1.61,1.7,700
GYRO,08-Jun-2001,16.4545,16.4545,16.4545,16.4545,0
HAFC,08-Jun-2001,5.3334,5.474,5.3334,5.474,13406
HAIN,08-Jun-2001,12.54,12.65,12.5,12.54,112200
HAS,08-Jun-2001,15.2,15.25,14.58,15,889500
HBAN,08-Jun-2001,15.52,15.7,15.28,15.319,371400
HBIO,08-Jun-2001,8.9,9.1,8.75,9.05,599300
HBNC,08-Jun-2001,1.7558,1.7887,1.7537,1.7558,3150
HCSG,08-Jun-2001,1.5313,1.5713,1.48,1.482,18450
HDSN,08-Jun-2001,2.25,2.3,2.25,2.25,3800
HELE,08-Jun-2001,8.95,9.48,8.9,9.42,262300
HFWA,08-Jun-2001,10.54,10.59,10.45,10.52,69700
HIBB,08-Jun-2001,7.016,7.095,6.571,6.571,68850
HIFS,08-Jun-2001,20.3,20.3,20.3,20.3,0
HIHO,08-Jun-2001,1,1,1,1,0
HLIT,08-Jun-2001,13.69,14.05,13,13.01,1982000
HLTH,08-Jun-2001,6.55,6.59,6.2,6.23,1126100
HMNF,08-Jun-2001,14.96,15.2,14.96,15.2,2300
HOFT,08-Jun-2001,4.15,4.25,4.05,4.175,11600
HOLX,08-Jun-2001,1.56,1.59,1.5,1.504,43500
HOOK,08-Jun-2001,2.07,2.08,2.03,2.04,4000
HSIC,08-Jun-2001,20,20.125,19.725,19.95,217200
HSII,08-Jun-2001,28.55,29.65,28.45,28.95,171900
HSKA,08-Jun-2001,1.18,1.19,1.16,1.16,3100
HSTM,08-Jun-2001,1.53,1.65,1.53,1.65,207800
HTBK,08-Jun-2001,8.4,8.4,8.2,8.2,700
HTLD,08-Jun-2001,6.684,6.684,6.373,6.44,445863
HTLF,08-Jun-2001,9.3333,9.3333,9.3333,9.3333,0
HUBG,08-Jun-2001,3.253,3.37,3.25,3.25,10000
HURC,08-Jun-2001,3.25,3.25,3.25,3.25,1000
HWKN,08-Jun-2001,9.25,9.25,9.25,9.25,300
IART,08-Jun-2001,8.805,9.05,8.785,8.935,243800
IBCP,08-Jun-2001,13.2756,13.3305,12.9183,13.3305,27830
IBOC,08-Jun-2001,14.644,14.644,14.3196,14.4606,64390
ICAD,08-Jun-2001,2.33,2.45,2.33,2.45,1700
ICCC,08-Jun-2001,2.68,2.75,2.6,2.65,22700
ICLR,08-Jun-2001,14.563,15.025,14.125,14.95,76700
ICUI,08-Jun-2001,25.9533,26.3333,25.58,25.74,21750
IDCC,08-Jun-2001,14.52,14.69,14.25,14.33,130500
IDXX,08-Jun-2001,7.4975,7.555,7.345,7.385,478700
IIVI,08-Jun-2001,3.98,4.0625,3.9225,4.0625,62400
IKNX,08-Jun-2001,2.6667,2.6667,2.6667,2.6667,0
ILMN,08-Jun-2001,10.8,10.8,9.95,10.3,39900
IMGN,08-Jun-2001,18.09,18.1,17.2,17.24,286300
IMKTA,08-Jun-2001,12.28,12.39,11.9,12.05,48900
IMMR,08-Jun-2001,5.71,5.8,5.1,5.47,61200
INCY,08-Jun-2001,23.8,24,22.74,23.75,445400
INDB,08-Jun-2001,17.4,17.82,17.4,17.82,8200
INGN,08-Jun-2001,6.25,6.35,6.06,6.11,8100
INMD,08-Jun-2001,3.76,3.846,3.637,3.692,24570
INOD,08-Jun-2001,5.98,5.98,5.76,5.86,50000
INSM,08-Jun-2001,5.6,5.89,5.59,5.68,52800
INTC,08-Jun-2001,31.89,32,30,30.67,68338500
INTG,08-Jun-2001,12.7667,12.7667,12.7667,12.7667,150
INTU,08-Jun-2001,8.853,9.355,8.825,8.898,3594600
IPAR,08-Jun-2001,8.338,8.664,8.177,8.571,66500
IRIX,08-Jun-2001,4.25,4.25,4.25,4.25,400
ISIG,08-Jun-2001,7.66,7.8,7.66,7.74,60400
ISLE,08-Jun-2001,8.32,8.44,8.16,8.21,24500
ISRG,08-Jun-2001,16,18.1,15.9,17.6,573850
ISSC,08-Jun-2001,8.8333,9,8.8333,9,21150
ITIC,08-Jun-2001,14.7,15.5,14.7,15.5,1200
ITRI,08-Jun-2001,14.3,14.5,14.26,14.26,90400
IVAC,08-Jun-2001,5.25,5.25,5.25,5.25,1700
JAKK,08-Jun-2001,173.2,179,170,175.5,326700
JBHT,08-Jun-2001,4.85,4.91,4.7575,4.875,833200
JBSS,08-Jun-2001,4.8,4.8,4.75,4.75,14400
JJSF,08-Jun-2001,11.47,11.625,11.44,11.6,69800
JKHY,08-Jun-2001,29.05,29.7,28.57,29.47,268900
JOUT,08-Jun-2001,7.39,7.39,7.39,7.39,0
KELYA,08-Jun-2001,23.82,23.85,23.42,23.59,16500
KELYB,08-Jun-2001,22,22,22,22,0
KEQU,08-Jun-2001,9.9,9.9,9.9,9.9,100
KFRC,08-Jun-2001,6.71,6.82,6.7,6.75,33100
KLAC,08-Jun-2001,60.5,60.8,58.15,58.75,4930800
KLIC,08-Jun-2001,17.6,17.68,17.05,17.42,460200
KOPN,08-Jun-2001,11.31,11.74,10.91,11.08,546800
KOSS,08-Jun-2001,8.75,8.75,8.625,8.625,3400
KRON,08-Jun-2001,15.4445,15.6222,14.8889,15.0267,67050
KTCC,08-Jun-2001,2.08,2.08,1.9,1.91,27700
KVHI,08-Jun-2001,7.62,7.65,7.62,7.62,1100
LAKE,08-Jun-2001,4.0571,4.4327,4.0571,4.4327,6655
LAMR,08-Jun-2001,42.99,43.4,42.18,43.4,237400
LANC,08-Jun-2001,33.2,33.2,32.05,32.44,29400
LARK,08-Jun-2001,15.0885,15.22,15.0885,15.22,969
LAUR,08-Jun-2001,19.45,19.89,19.28,19.47,157000
LAWS,08-Jun-2001,28.81,28.81,28.81,28.81,1100
LBAI,08-Jun-2001,10.4895,11.6412,10.037,11.1065,10452
LCUT,08-Jun-2001,6.8,6.8,6.8,6.8,800
LECO,08-Jun-2001,12.185,12.19,11.875,12,110500
LFUS,08-Jun-2001,28.95,29.45,28.6,28.95,51800
LGND,08-Jun-2001,82.26,82.26,78.42,78.42,116000
LIFE,08-Jun-2001,133.35,133.35,133.35,133.35,8800
LJPC,08-Jun-2001,7.64,7.65,7.5,7.6,22500
LKFN,08-Jun-2001,4.6333,4.7333,4.6333,4.7333,2300
LNDC,08-Jun-2001,3.9,3.9,3.9,3.9,1000
LOGC,08-Jun-2001,1.55,1.58,1.55,1.55,3600
LOGI,08-Jun-2001,7.525,7.713,7.525,7.713,37600
LPSN,08-Jun-2001,0.29,0.29,0.26,0.29,25600
LPTH,08-Jun-2001,90.48,90.48,83.2,85.84,16462
LRCX,08-Jun-2001,31.78,32.2,31.17,32.07,2238100
LSCC,08-Jun-2001,25.04,25.81,24.84,24.92,2157200
LSTR,08-Jun-2001,8.8907,8.8907,8.6875,8.7263,371200
LTRX,08-Jun-2001,9.09,9.1,8.63,8.99,241900
LWAY,08-Jun-2001,1.763,1.763,1.763,1.763,0
LYTS,08-Jun-2001,13.072,13.2586,13.072,13.2586,102562
MANH,08-Jun-2001,8.6875,8.7875,8.4625,8.5025,142700
MAPS,08-Jun-2001,33.1,33.55,32.3,32.5,210400
MARPS,08-Jun-2001,35.95,35.95,35.95,35.95,100
MAT,08-Jun-2001,18.41,18.69,17.96,18.28,1378700
MATW,08-Jun-2001,18.45,18.635,18.425,18.625,14600
MAYS,08-Jun-2001,9.75,9.75,9.75,9.75,0
MBWM,08-Jun-2001,13.9859,14.0518,13.9859,14.0518,1820
MCBC,08-Jun-2001,8.701,8.701,8.599,8.599,262
MCHP,08-Jun-2001,17.7933,17.8,17.2867,17.4133,4201050
MCRI,08-Jun-2001,2.75,2.75,2.75,2.75,0
MDRX,08-Jun-2001,6.5,6.75,6.21,6.5,404800
MEOH,08-Jun-2001,7.09,7.13,7.02,7.05,325600
MESA,08-Jun-2001,11.95,12.35,11.93,12.01,121900
MGEE,08-Jun-2001,16,16.6667,15.96,16.2667,49600
MGIC,08-Jun-2001,1.5587,1.6396,1.5481,1.6044,11100
MGPI,08-Jun-2001,4.395,4.395,4.275,4.275,2800
MGRC,08-Jun-2001,13.3,13.3,13.3,13.3,2800
MIDD,08-Jun-2001,1.0417,1.0417,1.0417,1.0417,500
MIND,08-Jun-2001,7.1,7.1,6.97,7.09,6000
MKSI,08-Jun-2001,30.9,30.96,29.38,30,57400
MKTY,08-Jun-2001,9.25,9.25,8.8,8.88,120800
MLAB,08-Jun-2001,5.05,5.05,5.05,5.05,1300
MLHR,08-Jun-2001,27,27,26.2,26.65,305400
MMSI,08-Jun-2001,2.4192,2.448,2.4192,2.4336,17221
MNDO,08-Jun-2001,2.4,2.45,2.37,2.37,4900
MNRO,08-Jun-2001,4.3253,4.4467,4.3253,4.4467,253350
MNST,08-Jun-2001,0.0679,0.0687,0.0679,0.0685,7400
MRBK,08-Jun-2001,26.02,26.1,25.946,26.053,163900
MRCY,08-Jun-2001,50.99,52,50,50.86,119600
MRTN,08-Jun-2001,2.0858,2.0858,2.0858,2.0858,0
MRVL,08-Jun-2001,7.25,7.52,7.033,7.155,2721400
MSEX,08-Jun-2001,18.245,18.725,17.45,17.75,134600
MSFT,08-Jun-2001,36.85,36.875,36.025,36.595,25933500
MSON,08-Jun-2001,6.48,6.8,6.38,6.8,17400
MSTR,08-Jun-2001,37.1,38,35.9,38,22790
MTEX,08-Jun-2001,14.2,14.2,13.3,13.5,13900
MTRX,08-Jun-2001,3.545,3.65,3.545,3.65,35000
MU,08-Jun-2001,43.5,44.75,42.55,43.32,5662700
MVIS,08-Jun-2001,186,188,171.2,179.6,161700
MYGN,08-Jun-2001,38.8,38.8,37.05,37.095,352100
NAII,08-Jun-2001,2.51,2.65,2.51,2.65,800
NATH,08-Jun-2001,3.455,3.51,3.35,3.4,32400
NATI,08-Jun-2001,16.3333,16.3555,16.0889,16.1333,98400
NAVI,08-Jun-2001,30.45,32.25,30,32.25,9040
NBIX,08-Jun-2001,36.96,37.23,36.2,36.3,81400
NBTB,08-Jun-2001,15.45,15.5,15.19,15.25,19700
NDSN,08-Jun-2001,13.7,13.7,12.925,12.975,48200
NEOG,08-Jun-2001,2.4014,2.426,2.3567,2.4014,13125
NEON,08-Jun-2001,28.2,28.2,26,28.2,200
NICE,08-Jun-2001,3.64,3.673,3.59,3.603,41100
NICK,08-Jun-2001,2.1667,2.1667,2.1667,2.1667,0
NKSH,08-Jun-2001,10,10,9.47,9.47,1300
NKTR,08-Jun-2001,33.92,33.93,32.83,32.95,538800
NNBR,08-Jun-2001,9.99,10.19,9.9,10.19,36200
NOVN,08-Jun-2001,36.01,36.22,34.55,35.64,192200
NRIM,08-Jun-2001,12.2727,12.8182,12.2727,12.6455,19250
NSEC,08-Jun-2001,12.08,12.75,12.08,12.75,300
NSIT,08-Jun-2001,23.145,23.18,23,23.05,99600
NSSC,08-Jun-2001,0.89,0.89,0.89,0.89,1200
NSYS,08-Jun-2001,7.6,7.62,7.44,7.46,10900
NTAP,08-Jun-2001,20.15,20.23,18.55,18.71,5724300
NTCT,08-Jun-2001,8.84,9.01,8.75,8.95,30800
NTES,08-Jun-2001,0.1156,0.1226,0.108,0.1126,182900
NTRS,08-Jun-2001,65.83,65.95,65.16,65.53,552000
NTWK,08-Jun-2001,212.5,240,212.5,240,31060
NUAN,08-Jun-2001,17.77,17.77,16.8,17.21,483900
NVAX,08-Jun-2001,175,179,175,179,12900
NVDA,08-Jun-2001,4.1285,4.1345,3.9903,4.0333,5943600
NVMI,08-Jun-2001,6.69,6.69,6.15,6.23,12400
NWFL,08-Jun-2001,14.2667,14.2667,14.1667,14.1667,1500
NWPX,08-Jun-2001,15.7,15.84,15.41,15.72,9200
NYMX,08-Jun-2001,2.36,2.69,2.36,2.6,124900
OBAS,08-Jun-2001,30.5,30.5,29.8,30.05,22900
OBCI,08-Jun-2001,0.8182,0.8182,0.8,0.8182,6710
OCFC,08-Jun-2001,17.4,17.4667,17.2,17.3267,104100
ODFL,08-Jun-2001,1.548,1.548,1.548,1.548,450
OFIX,08-Jun-2001,25,25.5,24.94,25,7400
OIIM,08-Jun-2001,11.53,11.53,11.35,11.47,51400
ONCY,08-Jun-2001,5.38,5.38,5.35,5.38,200
OPEN,08-Jun-2001,16.375,16.375,16.375,16.375,0
OPNT,08-Jun-2001,19.9,20,19.17,19.8,54800
OPOF,08-Jun-2001,14.4667,14.4667,14.4667,14.4667,0
OPTN,08-Jun-2001,8.8533,8.9067,8.4,8.6293,261375
ORLY,08-Jun-2001,13.005,13.125,12.955,13,745400
OSBC,08-Jun-2001,12.0113,12.0188,11.9663,11.9813,37866
OSIS,08-Jun-2001,3.97,4.15,3.91,3.96,15100
OSTK,08-Jun-2001,0.29,0.29,0.29,0.29,0
OSUR,08-Jun-2001,10.82,11.22,10.76,11.21,85700
OTEX,08-Jun-2001,3.2819,3.38,3.2563,3.2875,169400
OTTR,08-Jun-2001,26.99,27,25.13,25.25,33200
OVBC,08-Jun-2001,20,20,20,20,0
PAAS,08-Jun-2001,3.21,3.38,3.16,3.33,141800
PACW,08-Jun-2001,2.35,2.68,2.35,2.56,94500
PANL,08-Jun-2001,16.25,16.26,15.81,15.9,31700
PATK,08-Jun-2001,3.8222,3.8311,3.8,3.8222,2500
PAYX,08-Jun-2001,39.6,39.65,38.35,38.88,1586500
PBCT,08-Jun-2001,5.315,5.33,5.277,5.292,330300
PBHC,08-Jun-2001,8.65,8.65,8.65,8.65,100
PCAR,08-Jun-2001,9.96,9.966,9.73,9.829,654300
PCTI,08-Jun-2001,10.34,10.34,10.2,10.2,53400
PCYO,08-Jun-2001,0.9,0.9,0.9,0.9,500
PDCO,08-Jun-2001,17.045,17.045,16.925,16.94,142800
PDEX,08-Jun-2001,1.4,1.4,1.38,1.38,5900
PEBK,08-Jun-2001,9.15,9.156,9.095,9.095,1430
PEBO,08-Jun-2001,15.3876,15.427,15.3876,15.427,762
PEGA,08-Jun-2001,1.675,1.675,1.6,1.675,103000
PENN,08-Jun-2001,5.5025,5.53,5.4625,5.5,645600
PESI,08-Jun-2001,12.5,12.5,12.1,12.2,20100
PETS,08-Jun-2001,1.6,1.6,1.6,1.6,0
PFIN,08-Jun-2001,6.8,6.8,6.8,6.8,0
PFSW,08-Jun-2001,1.19,1.25,1.19,1.21,25500
PKOH,08-Jun-2001,5,5.05,4.61,5,30000
PLAB,08-Jun-2001,26.35,26.35,24.55,25.19,252600
PLBC,08-Jun-2001,4.891,4.891,4.891,4.891,0
PLCE,08-Jun-2001,27.45,28.375,26.72,27.2,253800
PLPC,08-Jun-2001,18,18,18,18,0
PLUG,08-Jun-2001,30,30,28,28.14,429600
PLUS,08-Jun-2001,4.775,4.8,4.75,4.765,13600
PLXS,08-Jun-2001,32.865,33,31.21,31.9,278700
PMBC,08-Jun-2001,6.63,6.63,6.6,6.6,2500
PNBK,08-Jun-2001,85,85,85,85,1200
PNFP,08-Jun-2001,3.75,3.75,3.75,3.75,0
PNRG,08-Jun-2001,8.05,8.38,8.05,8.38,1700
POOL,08-Jun-2001,10.6785,10.8474,10.6459,10.7437,171787
POWI,08-Jun-2001,7.595,7.6,7.19,7.25,97000
POWL,08-Jun-2001,27.64,27.7,24.1,25.4,194900
PPBI,08-Jun-2001,3.05,3.05,3.05,3.05,0
PRFT,08-Jun-2001,3.75,3.75,3.75,3.75,300
PRGS,08-Jun-2001,11.3667,11.4,10.9033,11.0067,107900
PROV,08-Jun-2001,10.0755,10.0755,10.0755,10.0755,450
PSMT,08-Jun-2001,43.75,44.16,43.75,44.16,600
PSTI,08-Jun-2001,63.1,64.6,62,62,20100
PTEN,08-Jun-2001,13.5,14.045,13.275,13.95,1665200
PTIX,08-Jun-2001,15,16.25,14.5,16,13700
PTNR,08-Jun-2001,4.13,4.19,4.13,4.17,22300
PTSI,08-Jun-2001,9.95,9.95,9.95,9.95,1400
PWOD,08-Jun-2001,19.5455,19.5455,19.5455,19.5455,660
PXLW,08-Jun-2001,29.33,31.2,28.83,30.66,1659700
PZZA,08-Jun-2001,6.325,6.3375,6.2025,6.25,233900
QCOM,08-Jun-2001,32.35,32.35,30.5,30.62,11969400
QCRH,08-Jun-2001,6.8933,6.8933,6.8933,6.8933,0
QDEL,08-Jun-2001,4.85,4.95,4.65,4.95,1900
QQQ,08-Jun-2001,48.2981,48.3477,46.5435,46.94,56387300
QUIK,08-Jun-2001,93.24,93.94,85.54,88.9,72700
RADA,08-Jun-2001,4.36,4.64,3.5,4.46,28000
RADI,08-Jun-2001,2.18,2.32,1.75,2.23,83900
RAND,08-Jun-2001,19.8,19.8,19.8,19.8,0
RARE,08-Jun-2001,13.8,14.6667,13.8,14.1267,1170150
RAVN,08-Jun-2001,2.1667,2.1667,2.1667,2.1667,7200
RBCAA,08-Jun-2001,8.8435,8.8435,8.8435,8.8435,109
RBNC,08-Jun-2001,9.2206,9.3436,9.1865,9.2003,59588
RCII,08-Jun-2001,19.416,19.58,17.9,19.24,1297250
RCKY,08-Jun-2001,4.6,4.65,4.32,4.65,20800
RCMT,08-Jun-2001,4.9,4.9,4.9,4.9,0
RDCM,08-Jun-2001,1.37,1.41,1.31,1.39,4200
RDWR,08-Jun-2001,9.51,9.515,9.37,9.37,101200
REFR,08-Jun-2001,24.19,24.3,23.15,23.65,21600
REGN,08-Jun-2001,36.59,36.59,35.88,35.88,81100
RELL,08-Jun-2001,13.26,13.45,13.15,13.44,42400
RENT,08-Jun-2001,4.7,4.8,4.3,4.43,69000
RFIL,08-Jun-2001,1.875,1.875,1.875,1.875,2000
RGCO,08-Jun-2001,5.541,5.541,5.541,5.541,100
RGEN,08-Jun-2001,2.9,2.9,2.84,2.85,51700
RGLD,08-Jun-2001,2.92,3.26,2.92,3.21,78300
RICK,08-Jun-2001,2.34,2.34,2.33,2.33,1100
RIGL,08-Jun-2001,55.8,55.8,52.2,52.38,25411
RMBS,08-Jun-2001,12.49,12.53,11.5,12.06,2151000
RMCF,08-Jun-2001,2.7857,2.987,2.7857,2.987,7696
RMTI,08-Jun-2001,1.33,1.5,1.21,1.47,50500
RNST,08-Jun-2001,12.56,12.56,12.546,12.546,3600
RNWK,08-Jun-2001,12.37,12.69,12.05,12.09,1089900
ROCK,08-Jun-2001,12.6333,12.8333,12.6,12.7333,9450
ROST,08-Jun-2001,3.0275,3.075,3.0113,3.0563,549200
RUSHB,08-Jun-2001,1.112,1.112,1.112,1.112,0
RVSB,08-Jun-2001,2.475,2.475,2.475,2.475,0
RYAAY,08-Jun-2001,13.225,13.248,12.568,12.715,475200
SAFM,08-Jun-2001,9.2133,9.2133,8.6667,8.6733,12150
SAFT,08-Jun-2001,13.875,13.875,13.875,13.875,0
SALM,08-Jun-2001,25.27,25.85,23.86,23.95,44900
SANM,08-Jun-2001,28.63,28.66,26.55,26.9,3790900
SASR,08-Jun-2001,20.7267,20.8333,20.7267,20.8333,1650
SBAC,08-Jun-2001,23.855,23.93,22.8,22.9,175700
SBCF,08-Jun-2001,53.0605,53.182,52.8635,53.182,69960
SBGI,08-Jun-2001,9.7,9.84,9.37,9.71,866200
SBSI,08-Jun-2001,7.865,8.0213,7.7643,7.7992,12153
SBUX,08-Jun-2001,4.865,4.865,4.74,4.76,1872900
SCHL,08-Jun-2001,40.89,40.89,40,40.3,79400
SCHN,08-Jun-2001,5.1133,5.1133,4.9167,4.9167,21600
SCKT,08-Jun-2001,3.56,3.6,3.45,3.46,46800
SCSC,08-Jun-2001,14.588,14.588,14.175,14.5,57400
SCVL,08-Jun-2001,8.1133,8.1133,8,8,15700
SEAC,08-Jun-2001,22.85,22.85,21.65,21.89,83600
SEIC,08-Jun-2001,21.08,21.5,20.905,21,103300
SENEA,08-Jun-2001,13.2,13.2,13.2,13.2,0
SENEB,08-Jun-2001,13.17,13.17,13.17,13.17,200
SFBC,08-Jun-2001,9.75,10.08,9.75,10.08,800
SFNC,08-Jun-2001,8.225,8.23,8.075,8.15,11000
SGEN,08-Jun-2001,8.9,9.09,8.49,8.52,117100
SGMA,08-Jun-2001,1.25,1.25,1.25,1.25,0
SGMO,08-Jun-2001,15.2,15.2,15,15.02,31700
SGMS,08-Jun-2001,5,5.04,4.8,4.99,189700
SGRP,08-Jun-2001,1.3,1.3,1.29,1.29,20800
SHBI,08-Jun-2001,19.1,19.11,19.07,19.11,3700
SHEN,08-Jun-2001,5.0025,5.0025,5.0025,5.0025,0
SHOO,08-Jun-2001,2.2398,2.3227,2.2359,2.3017,478600
SIEB,08-Jun-2001,5.06,5.14,5.01,5.0525,4200
SIFY,08-Jun-2001,15.3,15.3,14.96,15,58575
SIGA,08-Jun-2001,4.02,4.05,3.95,4.01,7400
SIGI,08-Jun-2001,12.5,12.975,12.5,12.63,9800
SIRI,08-Jun-2001,16.79,16.8,14.56,14.83,3230800
SIVB,08-Jun-2001,28.42,28.61,28.34,28.53,355900
SKYW,08-Jun-2001,29.5,29.5,28.03,28.44,360800
SLAB,08-Jun-2001,18.78,18.78,17,17.18,327400
SLGN,08-Jun-2001,2.655,2.75,2.65,2.7138,47000
SMBC,08-Jun-2001,3.4625,3.4625,3.4125,3.4125,1200
SMIT,08-Jun-2001,2.73,2.73,2.73,2.73,1333
SMMF,08-Jun-2001,4.94,4.94,4.94,4.94,0
SMSI,08-Jun-2001,6,6.48,6,6.2,6400
SMTC,08-Jun-2001,31.71,31.87,31.3,31.81,847100
SNFCA,08-Jun-2001,1.9869,1.9869,1.9869,1.9869,694
SNPS,08-Jun-2001,30.11,30.305,29.765,29.87,1142400
SOHU,08-Jun-2001,1.7,1.74,1.67,1.71,73600
SONO,08-Jun-2001,19.26,19.55,18.6,18.6,35500
SPNS,08-Jun-2001,7.2,7.2,6.8,6.8,3620
SPPI,08-Jun-2001,109.75,110,105,106.5,13200
SPTN,08-Jun-2001,13.2,13.28,13,13.15,99400
SRCE,08-Jun-2001,20.02,20.3,20.02,20.28,12400
SRCL,08-Jun-2001,11.046,11.4,11.046,11.373,236600
SRDX,08-Jun-2001,56.62,57.75,55,57.75,81200
SSTI,08-Jun-2001,11.59,11.94,11.18,11.49,1885900
SSYS,08-Jun-2001,1.1,1.12,1.1,1.1,3000
STAA,08-Jun-2001,4.94,5.02,4.86,4.93,272300
STBA,08-Jun-2001,22.54,22.92,22.49,22.5,5800
STFC,08-Jun-2001,16.71,16.9,16.48,16.9,11500
STKL,08-Jun-2001,2.34,2.42,2.34,2.35,39300
STLD,08-Jun-2001,3.623,3.673,3.6,3.613,65000
STRA,08-Jun-2001,47.4,47.49,46.95,47.13,111100
STRC,08-Jun-2001,32.7,34.5,32,33.99,26700
STRS,08-Jun-2001,11,11.7,11,11.3,500
STRT,08-Jun-2001,34.35,34.35,34,34.35,2700
STSA,08-Jun-2001,487.41,491.304,475.068,477.18,20203
SUNW,08-Jun-2001,126.63,127.75,118.72,119.07,30852500
SVBI,08-Jun-2001,3.7084,3.7084,3.7084,3.7084,0
SWIR,08-Jun-2001,25.16,25.16,23.5,23.68,49300
SWKS,08-Jun-2001,26.805,27,24.25,24.68,642600
SYBT,08-Jun-2001,11.6,11.6067,11.6,11.6067,2800
SYNL,08-Jun-2001,7.27,7.3488,7.15,7.3488,5500
SYPR,08-Jun-2001,7.5,7.5,7.5,7.5,800
TACT,08-Jun-2001,5.8333,5.9667,5.1333,5.8,12150
TAIT,08-Jun-2001,2.5,2.5,2.5,2.5,0
TALK,08-Jun-2001,4.17,4.2,3.9,4.02,151866
TAYD,08-Jun-2001,3.35,3.35,3.35,3.35,1000
TCBK,08-Jun-2001,8.2,8.2,8.2,8.2,800
TCX,08-Jun-2001,3.12,3.12,2.88,2.92,26900
TEAM,08-Jun-2001,2.9,2.9,2.9,2.9,0
TECH,08-Jun-2001,35.09,36.18,34.5,36.11,302700
TESS,08-Jun-2001,5.9587,5.9587,5.696,5.696,1200
THFF,08-Jun-2001,19.0575,19.0575,19.0575,19.0575,400
TRIB,08-Jun-2001,8.64,8.68,8,8.64,35850
TRMB,08-Jun-2001,3.2815,3.3,3.2315,3.2485,176400
TRMK,08-Jun-2001,23.07,23.15,23.07,23.11,40800
TRNS,08-Jun-2001,2.2,2.2,2.2,2.2,0
TROW,08-Jun-2001,18.265,18.4,17.875,18.4,109200
TRST,08-Jun-2001,10.4,10.4609,10.1739,10.1739,78890
TRUE,08-Jun-2001,12.18,12.18,12.18,12.18,1200
TSBK,08-Jun-2001,7.5,7.6,7.5,7.6,2200
TSCO,08-Jun-2001,0.9969,1.0044,0.9919,1.0032,295200
TSEM,08-Jun-2001,191.85,196.65,190.5,193.5,15800
TSRI,08-Jun-2001,4.4478,4.4478,4.4478,4.4478,900
TTEC,08-Jun-2001,9.23,9.78,9.15,9.55,282100
TTEK,08-Jun-2001,11.564,11.652,11.052,11.404,278125
TTMI,08-Jun-2001,9.2,9.25,8.79,9.2,91200
TTWO,08-Jun-2001,16.2,16.24,15.6,15.7933,1988850
TW,08-Jun-2001,18.2,18.3,18.1,18.28,3100
TWIN,08-Jun-2001,4.325,4.325,4.325,4.325,1000
TXN,08-Jun-2001,39,39.3,37.58,37.99,6586500
UBCP,08-Jun-2001,8.4332,8.4332,8.4332,8.4332,2666
UBFO,08-Jun-2001,8.5,8.5,8.5,8.5,0
UBOH,08-Jun-2001,9.42,9.42,9.42,9.42,0
UBSI,08-Jun-2001,24.64,24.64,24.29,24.3,27700
UCBI,08-Jun-2001,9.5333,9.5333,9.5333,9.5333,0
UEIC,08-Jun-2001,21.99,23.75,21.75,23,172700
UEPS,08-Jun-2001,7.2,7.2,7.2,7.2,0
UFCS,08-Jun-2001,15.625,15.625,14.54,15.055,25600
UFPI,08-Jun-2001,19.37,19.44,19.23,19.25,58700
UFPT,08-Jun-2001,1.68,1.7,1.68,1.7,3000
UHAL,08-Jun-2001,18.34,18.7,18.3,18.45,5300
ULBI,08-Jun-2001,6.05,7.1,6.05,7.1,38000
UMBF,08-Jun-2001,18.614,18.738,18.591,18.695,61634
UMPQ,08-Jun-2001,11.86,11.95,11.52,11.59,36200
UNAM,08-Jun-2001,6,6,6,6,300
UNTY,08-Jun-2001,3.6281,3.6281,3.6281,3.6281,0
URBN,08-Jun-2001,1.615,1.615,1.563,1.589,38800
USAK,08-Jun-2001,7,7.1,6.9,7.1,6900
USAP,08-Jun-2001,10.24,10.24,9.93,9.95,14300
USEG,08-Jun-2001,339.6,348,315,341.4,46500
USLM,08-Jun-2001,4.9,4.9,4.9,4.9,300
UTHR,08-Jun-2001,7.12,7.46,7.015,7.25,189700
UTMD,08-Jun-2001,10.65,11.7,10.65,11.5,28700
UTSI,08-Jun-2001,79.62,79.68,74.25,74.31,463200
UVSP,08-Jun-2001,15.5467,15.5467,15.5467,15.5467,0
VALU,08-Jun-2001,29.7043,29.7043,29.1247,29.1247,1000
VBFC,08-Jun-2001,151.2,151.2,151.2,151.2,0
VECO,08-Jun-2001,50.89,51,47.69,49.29,368400
VIA,08-Jun-2001,57.55,57.55,56.49,57.1,136000
VICR,08-Jun-2001,22.35,23.25,22.1,22.85,82300
VITL,08-Jun-2001,35.9,36.2,34,34.8,70300
VIVO,08-Jun-2001,2.306,2.306,2.246,2.246,3600
VLGEA,08-Jun-2001,4.5,4.9075,4.4975,4.9075,4500
VOD,08-Jun-2001,25.4,25.4,24.87,25.05,1916900
VOXX,08-Jun-2001,10.5,11,10.41,10.45,75700
VRSN,08-Jun-2001,58.61,58.61,55.6,55.66,4924100
VRTX,08-Jun-2001,49,49.75,48,48.3,673300
VSAT,08-Jun-2001,18.94,19.3,18.6,19.2,193100
VSEC,08-Jun-2001,1.6375,1.6375,1.6375,1.6375,0
VSTA,08-Jun-2001,2.313,2.313,2.313,2.313,0
VTRU,08-Jun-2001,24.97,25.17,24.97,25.04,130000
WABC,08-Jun-2001,38.06,38.25,37.69,38.25,42300
WAFD,08-Jun-2001,26.57,26.57,26.2,26.2,120900
WASH,08-Jun-2001,21.4,21.4,20.45,20.98,9900
WDC,08-Jun-2001,4,4.09,3.85,3.98,1130900
WDFC,08-Jun-2001,20.1,20.1,19.77,20.05,22200
WERN,08-Jun-2001,11.796,11.796,11.256,11.262,206332
WEYS,08-Jun-2001,7.7834,7.7834,7.7834,7.7834,0
WINA,08-Jun-2001,6.5,6.5,6.5,6.5,1000
WIRE,08-Jun-2001,7.7967,7.8,7.46,7.54,28350
WLFC,08-Jun-2001,11.55,11.55,11.31,11.31,4700
WRLD,08-Jun-2001,8.77,8.85,8.17,8.47,34800
WSBC,08-Jun-2001,23.29,23.32,23.25,23.27,20500
WSFS,08-Jun-2001,5.33,5.3333,5.3033,5.3333,7700
WTBA,08-Jun-2001,9.7619,9.7619,9.7619,9.7619,0
WTFC,08-Jun-2001,15.6667,15.88,15.6667,15.7867,135900
WVFC,08-Jun-2001,13.1,13.1,13.1,13.1,0
WVVI,08-Jun-2001,2,2,2,2,3300
XLNX,08-Jun-2001,48.9,49.19,46,46.41,5516300
XOMA,08-Jun-2001,284.2,296,273.4,276,1954000
XRAY,08-Jun-2001,15.167,15.167,14.933,15.147,151800
YORW,08-Jun-2001,8.101,8.101,8.037,8.037,1600
ZBRA,08-Jun-2001,21.4667,21.6222,21.2445,21.3689,184275
ZEUS,08-Jun-2001,4.2,4.27,4.1,4.1,17600
ZION,08-Jun-2001,56.63,56.68,56.1,56.5,511500
ZIXI,08-Jun-2001,10.95,10.95,10.29,10.47,54600
