Symbol,Date,Open,High,Low,Close,Volume
AAL,21-Nov-2014,44.38,44.49,43.25,43.31,10866400
AAME,21-Nov-2014,3.88,3.88,3.71,3.82,6000
AAOI,21-Nov-2014,12.84,12.84,12.36,12.49,256200
AAON,21-Nov-2014,20.86,20.87,20.58,20.61,123500
AAPL,21-Nov-2014,29.3775,29.3925,29.0075,29.1175,57179300
AAWW,21-Nov-2014,43.8,44.2,43.11,44.03,326500
AAXJ,21-Nov-2014,63.01,63.04,62.72,62.95,567700
ABCB,21-Nov-2014,25.82,25.82,24.98,25.3,222400
ABIO,21-Nov-2014,103.32,107.1,100.8,102.06,241000
ABMD,21-Nov-2014,35.56,35.74,34.7,35.1,383400
ACAD,21-Nov-2014,28.77,29.55,28.23,28.43,2205700
ACET,21-Nov-2014,21.41,21.41,20.95,21.04,105900
ACGL,21-Nov-2014,19.1533,19.2167,18.98,18.98,555800
ACHC,21-Nov-2014,62.73,62.95,61.56,61.78,184400
ACIW,21-Nov-2014,19.72,19.72,19.45,19.61,623900
ACLS,21-Nov-2014,8.76,8.76,8.52,8.56,279300
ACNB,21-Nov-2014,20,20,19.8,19.93,1100
ACOR,21-Nov-2014,36.7,36.84,35.8,35.94,465400
ACRX,21-Nov-2014,6.75,6.75,6.37,6.5,338100
ACST,21-Nov-2014,4.6,4.6,4.3,4.4,147000
ACTG,21-Nov-2014,18.48,18.64,18.2,18.38,299200
ACWI,21-Nov-2014,60.63,60.63,60.23,60.44,669400
ACWX,21-Nov-2014,45.62,45.64,45.36,45.5,476900
ADBE,21-Nov-2014,72,72.55,71.18,71.32,4554400
ADES,21-Nov-2014,20.52,21.1,20.51,20.58,83300
ADI,21-Nov-2014,51.95,51.95,51.15,51.65,1638800
ADMA,21-Nov-2014,11.75,12,11,11.76,8500
ADMP,21-Nov-2014,3.95,3.98,3.91,3.93,19600
ADMS,21-Nov-2014,15,15,14.63,14.83,38800
ADP,21-Nov-2014,84.96,85.22,83.81,84.14,2692000
ADRE,21-Nov-2014,39.38,40.08,39.32,40.06,16600
ADSK,21-Nov-2014,60.98,63,60.65,61.95,7463700
ADTN,21-Nov-2014,19.77,20.23,19.73,20.01,809500
ADUS,21-Nov-2014,22,22.21,21.91,22.07,49400
ADXS,21-Nov-2014,45,45.45,43.5,44.25,68200
AEHR,21-Nov-2014,2.44,2.48,2.34,2.44,11200
AEIS,21-Nov-2014,20.37,20.56,20.08,20.09,393000
AERI,21-Nov-2014,24.83,25.85,24.74,25.03,192100
AEY,21-Nov-2014,2.63,2.65,2.55,2.65,28000
AEZS,21-Nov-2014,53,55,52,53,670400
AFMD,21-Nov-2014,5.66,6.22,5.66,5.95,19500
AGEN,21-Nov-2014,3.02,3.02,2.92,2.93,218300
AGIO,21-Nov-2014,94.3,97.36,92.71,94.84,722000
AGNC,21-Nov-2014,23.25,23.26,23.1,23.17,2946600
AGNCP,21-Nov-2014,26.12,26.12,25.92,25.97,7500
AGRX,21-Nov-2014,5.87,6,5.78,5.94,37900
AGTC,21-Nov-2014,19.87,20.21,19.52,19.85,266000
AGYS,21-Nov-2014,11.83,11.99,11.82,11.85,22900
AGZD,21-Nov-2014,49.47,49.47,49.33,49.43,4500
AHPI,21-Nov-2014,1.43,1.6,1.41,1.5,42600
AIMC,21-Nov-2014,31.03,31.36,30.81,31.1,203100
AINV,21-Nov-2014,24.99,25.05,24.51,24.66,1901600
AIQ,21-Nov-2014,23.1,23.22,22.78,23.07,14600
AIRR,21-Nov-2014,18.99,19.06,18.67,18.7,94100
AIRT,21-Nov-2014,16.57,16.57,16.17,16.51,4400
AKAM,21-Nov-2014,63.89,63.97,63.23,63.73,1691400
AKBA,21-Nov-2014,15.1,15.13,14.27,14.31,129100
ALCO,21-Nov-2014,36.3,36.99,36.19,36.53,11400
ALDX,21-Nov-2014,7.12,7.54,7.11,7.53,3300
ALGN,21-Nov-2014,55.66,56.01,55.18,55.66,580100
ALGT,21-Nov-2014,134.22,134.22,131.09,132.54,99700
ALIM,21-Nov-2014,5.5,5.56,5.31,5.37,130500
ALKS,21-Nov-2014,55.62,56.42,55.44,56.4,689300
ALLT,21-Nov-2014,10.2,10.28,9.75,9.87,233600
ALNY,21-Nov-2014,91.31,93,90.06,91.72,434500
ALOT,21-Nov-2014,14.06,14.1,14.02,14.04,1700
ALTR,21-Nov-2014,36.05,36.36,35.72,36.32,2283200
AMAT,21-Nov-2014,22.88,22.97,22.63,22.85,9890300
AMBA,21-Nov-2014,51.5,51.5,49.38,49.63,1019900
AMCX,21-Nov-2014,63.02,63.02,61.98,62.01,604100
AMD,21-Nov-2014,2.72,2.77,2.71,2.77,11311500
AMED,21-Nov-2014,25.93,25.96,24.91,25.34,233500
AMGN,21-Nov-2014,165.58,165.58,161.43,162.81,3716900
AMKR,21-Nov-2014,6.9,6.95,6.7,6.81,1004800
AMNB,21-Nov-2014,24.01,24.01,23.26,23.28,11800
AMOT,21-Nov-2014,20.05,20.3,19.55,19.63,98300
AMPH,21-Nov-2014,10.58,10.71,10.4,10.56,64100
AMRK,21-Nov-2014,10,10,9.8,9.88,13000
AMRN,21-Nov-2014,1.28,1.38,1.22,1.31,2935100
AMRS,21-Nov-2014,44.7,45.75,44.1,44.7,84800
AMSC,21-Nov-2014,10.3,10.6,10,10,383500
AMSF,21-Nov-2014,41.35,41.59,40.95,41.43,149400
AMSWA,21-Nov-2014,9.3,9.3,9.02,9.08,49700
AMTX,21-Nov-2014,6,6.01,5.89,6,53000
AMWD,21-Nov-2014,41,41,40.07,40.3,152600
AMZN,21-Nov-2014,335.42,338.33,331.47,332.63,4466500
ANAT,21-Nov-2014,115,115.86,114.05,114.8,6100
ANDE,21-Nov-2014,57.76,58.29,56.35,56.62,239400
ANGI,21-Nov-2014,5.89,5.95,5.81,5.83,465100
ANGO,21-Nov-2014,17.55,18.19,17.12,17.26,638700
ANIK,21-Nov-2014,40.82,40.86,40.05,40.61,221400
ANIP,21-Nov-2014,56.64,56.64,54.22,55.05,182400
ANSS,21-Nov-2014,80.25,81.92,80.25,81.85,752500
ANY,21-Nov-2014,8.21,8.37,7.79,8.18,56600
AOSL,21-Nov-2014,8.64,8.76,8.55,8.56,41800
APDN,21-Nov-2014,104.4,107.2,103.2,103.2,111300
APEI,21-Nov-2014,35.57,35.66,34.9,34.98,90100
APOG,21-Nov-2014,46.5,47.02,45.82,46.11,159300
APTO,21-Nov-2014,6.54,6.89,5.87,6.65,47000
APWC,21-Nov-2014,2.52,2.52,2.51,2.51,1200
ARAY,21-Nov-2014,7.33,7.38,7.16,7.21,587200
ARCB,21-Nov-2014,43.42,43.5,42.48,43.12,203300
ARCC,21-Nov-2014,16.45,16.45,16.18,16.18,2104000
ARDX,21-Nov-2014,22.57,23.6,22.04,22.81,15100
ARKR,21-Nov-2014,21.71,21.89,21.5,21.82,4800
ARLP,21-Nov-2014,46.67,48.38,46.67,48.2,360400
ARNA,21-Nov-2014,42.4,42.6,41.6,41.7,2838500
AROW,21-Nov-2014,26.09,26.34,25.85,26.06,41900
ARRY,21-Nov-2014,3.8,3.87,3.73,3.76,1782600
ARTNA,21-Nov-2014,22.02,22.35,21.28,21.44,29200
ARTW,21-Nov-2014,5.45,5.54,5.45,5.48,6300
ARWR,21-Nov-2014,5.85,5.98,5.72,5.9,1841300
ASMB,21-Nov-2014,8.48,8.56,8.4,8.54,10400
ASML,21-Nov-2014,106,106.2,104.85,105.68,1133600
ASPS,21-Nov-2014,56.54,57.49,55.67,55.88,457800
ASRV,21-Nov-2014,3.08,3.09,3.06,3.06,1100
ASTC,21-Nov-2014,2.85,2.85,2.69,2.77,43800
ASTE,21-Nov-2014,39.67,40.68,39.67,40.34,130300
ASUR,21-Nov-2014,5.23,5.23,5.15,5.15,3400
ASYS,21-Nov-2014,10.2,10.25,9.56,9.67,74700
ATAI,21-Nov-2014,3.91,3.91,3.71,3.87,16000
ATAX,21-Nov-2014,5.7,5.7,5.55,5.61,137100
ATEC,21-Nov-2014,16.8,17.04,16.56,16.56,84400
ATHX,21-Nov-2014,1.42,1.47,1.42,1.46,227500
ATLC,21-Nov-2014,2.55,2.79,2.55,2.6,11600
ATLO,21-Nov-2014,24.28,24.64,23.94,24.44,7500
ATNI,21-Nov-2014,70.07,70.07,68.33,68.48,38300
ATOS,21-Nov-2014,162,169.2,149.4,163.8,81400
ATRA,21-Nov-2014,26.4,27,25.55,26.87,27600
ATRC,21-Nov-2014,17.61,17.89,17.05,17.77,111400
ATRI,21-Nov-2014,328.88,328.88,326.2,326.2,800
ATRO,21-Nov-2014,48.46,49.9,48.32,49.22,354200
ATRS,21-Nov-2014,2.33,2.34,2.23,2.24,692700
ATSG,21-Nov-2014,8.23,8.23,7.94,8,114000
ATVI,21-Nov-2014,21.44,21.49,21.05,21.17,12111600
AUBN,21-Nov-2014,23.65,23.65,23.65,23.65,100
AUDC,21-Nov-2014,4.75,4.79,4.62,4.73,75100
AUPH,21-Nov-2014,4.28,4.35,3.2,3.44,20200
AVAV,21-Nov-2014,30.02,30.2,29.52,29.62,121000
AVEO,21-Nov-2014,9.3,9.4,9,9,146600
AVGO,21-Nov-2014,91.7,91.73,89.45,90.21,1746100
AVNW,21-Nov-2014,17.16,18,16.92,17.4,100600
AWRE,21-Nov-2014,4.49,4.49,4.28,4.4,39600
AXDX,21-Nov-2014,20.48,20.63,19.66,20.01,64400
AXGN,21-Nov-2014,2.77,2.84,2.67,2.72,49800
AXTI,21-Nov-2014,2.58,2.59,2.51,2.58,107200
AZPN,21-Nov-2014,38.04,38.53,37.78,38.11,428700
BANF,21-Nov-2014,66.85,67.28,65.75,65.93,19500
BANFP,21-Nov-2014,27.8,28.03,27.75,27.79,12400
BANR,21-Nov-2014,41.78,41.81,40.72,40.83,64700
BANX,21-Nov-2014,22.7,23.04,22.5,23,38000
BBBY,21-Nov-2014,73.6,73.6,72.16,72.31,2481900
BBGI,21-Nov-2014,5.87,6,4.88,5.35,7600
BBSI,21-Nov-2014,23.13,23.52,22.53,22.72,194900
BCBP,21-Nov-2014,12.26,12.35,12.21,12.3,2900
BCLI,21-Nov-2014,3.15,3.19,3.06,3.17,20900
BCOR,21-Nov-2014,14.12,14.36,14.05,14.24,423100
BCOV,21-Nov-2014,6.5,6.55,6.32,6.38,188400
BCPC,21-Nov-2014,65.53,65.58,63.39,63.61,91500
BCRX,21-Nov-2014,10.53,10.53,10.11,10.33,516200
BDSI,21-Nov-2014,14.73,15,14.24,14.29,595800
BECN,21-Nov-2014,28.95,29.09,28.51,28.64,332400
BELFA,21-Nov-2014,23.7,23.96,23.35,23.35,1200
BELFB,21-Nov-2014,26.93,26.93,25.81,26.24,26700
BFIN,21-Nov-2014,11.74,11.9,11.61,11.62,12600
BGCP,21-Nov-2014,8.96,8.96,8.62,8.63,1510500
BGFV,21-Nov-2014,13.45,13.59,13.38,13.47,133800
BIB,21-Nov-2014,60.575,61.3,59.54,59.68,172300
BICK,21-Nov-2014,25.06,25.12,24.97,25.12,1300
BIDU,21-Nov-2014,244.45,245.95,241.71,245.3,3742700
BIIB,21-Nov-2014,281.1968,281.1968,277.5492,279.6033,1828000
BIOC,21-Nov-2014,99.3,101.7,97.5,97.8,15700
BIOL,21-Nov-2014,12.75,13.25,12.4,12.8,121000
BIS,21-Nov-2014,49.22,50.43,49,50.3,139800
BJRI,21-Nov-2014,47.09,47.89,46.7,46.94,278700
BKCC,21-Nov-2014,8.94,8.98,8.9,8.93,224200
BKEP,21-Nov-2014,7.19,7.34,7.04,7.31,84400
BKEPP,21-Nov-2014,8.68,9.05,8.68,9.05,4300
BKSC,21-Nov-2014,14.94,14.94,14.58,14.75,4300
BLDP,21-Nov-2014,2.5,2.5,2.39,2.42,603800
BLFS,21-Nov-2014,2.22,2.25,2.19,2.19,27200
BLIN,21-Nov-2014,165,167.5,165,165,2400
BLKB,21-Nov-2014,42.21,42.21,41.35,41.78,179200
BLMN,21-Nov-2014,22.05,22.29,21.77,22.19,1727500
BLRX,21-Nov-2014,19.5,20.1,18.75,19.05,57200
BLUE,21-Nov-2014,43,43.15,40.77,41.31,530300
BMRC,21-Nov-2014,26.07,26.24,25.645,25.74,20100
BMRN,21-Nov-2014,85.48,86.34,84.26,85.83,847400
BMTC,21-Nov-2014,29.8,30.04,29.16,29.21,29100
BNDX,21-Nov-2014,52.57,52.58,52.5,52.56,319600
BNFT,21-Nov-2014,23.7,25.07,22.95,24.88,327600
BNSO,21-Nov-2014,1.55,1.65,1.54,1.54,2300
BOKF,21-Nov-2014,67.34,67.59,66.28,66.63,171200
BOOM,21-Nov-2014,17.07,17.2,16.69,16.91,54800
BOSC,21-Nov-2014,3.65,3.94,3.41,3.81,21300
BOTJ,21-Nov-2014,10,10,9.6,9.92,3200
BPOP,21-Nov-2014,32.49,32.49,32.07,32.21,675500
BPOPM,21-Nov-2014,21,21,21,21,1000
BPOPN,21-Nov-2014,22.95,23.31,22.95,23.31,1600
BPTH,21-Nov-2014,542,542,520,524,61000
BRID,21-Nov-2014,7.75,7.8,7.75,7.75,500
BRKL,21-Nov-2014,9.69,9.7,9.44,9.46,167200
BRKR,21-Nov-2014,18.51,18.93,18.43,18.87,675000
BRKS,21-Nov-2014,11.8,11.8,11.41,11.48,255500
BRLI,21-Nov-2014,28.83,28.93,28.37,28.45,121000
BSET,21-Nov-2014,19.08,19.08,18.48,18.99,22600
BSQR,21-Nov-2014,4.18,4.23,4.1,4.17,79100
BSRR,21-Nov-2014,16.66,16.74,16.46,16.51,15300
BUSE,21-Nov-2014,6.63,6.65,6.48,6.58,257800
BWEN,21-Nov-2014,7.3,7.5,7.21,7.32,64300
BWFG,21-Nov-2014,19,19.15,18.75,19.15,1700
BYFC,21-Nov-2014,1.5,1.52,1.48,1.52,1800
CAAS,21-Nov-2014,8.28,8.34,7.94,8.07,65700
CAC,21-Nov-2014,37.64,37.67,37.3,37.4,8600
CACC,21-Nov-2014,150.87,153.56,147.29,148.01,64800
CACG,21-Nov-2014,9.71,9.71,9.71,9.71,0
CAKE,21-Nov-2014,47.5,47.65,46.92,47.27,500500
CALA,21-Nov-2014,10.7,10.7,9.76,9.8,48900
CALM,21-Nov-2014,42.98,43.07,42,42.46,299500
CAMP,21-Nov-2014,18.34,18.35,17.58,17.77,450600
CAMT,21-Nov-2014,2.97,2.97,2.84,2.91,53500
CAR,21-Nov-2014,59.95,60.12,58.65,59.75,2412900
CARA,21-Nov-2014,9.09,9.09,8.92,8.95,100800
CARV,21-Nov-2014,7.22,7.22,7.22,7.22,0
CARZ,21-Nov-2014,37.96,38.08,37.82,37.85,9500
CASH,21-Nov-2014,12.21,12.21,11.9,11.99,21000
CASI,21-Nov-2014,1.53,1.67,1.53,1.67,63700
CASS,21-Nov-2014,46.19,46.89,45.58,46.17,19200
CASY,21-Nov-2014,86.45,87.63,85.62,87.22,293900
CATY,21-Nov-2014,25.91,25.94,25.34,25.53,277400
CBAN,21-Nov-2014,7.03,7.1,7.03,7.1,3300
CBAY,21-Nov-2014,7.31,7.5,6.82,7.1,63500
CBFV,21-Nov-2014,19.52,20,19.5,19.84,26100
CBNK,21-Nov-2014,15.8,15.81,15.8,15.81,900
CBRL,21-Nov-2014,120.45,120.45,118.39,118.57,152700
CBSH,21-Nov-2014,45.94,46.24,45.03,45.1,253100
CCBG,21-Nov-2014,15.03,15.06,14.54,14.68,22000
CCMP,21-Nov-2014,48.29,48.29,46.63,46.89,102400
CCNE,21-Nov-2014,17.97,18.04,17.73,17.76,14900
CCOI,21-Nov-2014,35.45,35.69,34.74,35.44,358400
CCRN,21-Nov-2014,10.2,10.38,9.89,9.95,138300
CCXI,21-Nov-2014,4.95,4.95,4.69,4.7,87500
CDC,21-Nov-2014,36.49,36.49,36.32,36.43,20200
CDK,21-Nov-2014,38.42,38.7,37.98,38.45,2117000
CDNA,21-Nov-2014,7.1,7.34,7.05,7.06,14900
CDNS,21-Nov-2014,18.5,18.52,18.3,18.44,1875200
CDW,21-Nov-2014,33.28,33.51,32.92,33.51,892000
CDXS,21-Nov-2014,2.42,2.43,2.35,2.41,106100
CDZI,21-Nov-2014,11.33,11.33,10.84,11.08,58100
CECE,21-Nov-2014,13.96,13.96,13.5,13.61,57100
CEMI,21-Nov-2014,4.27,4.42,4.26,4.36,51200
CENT,21-Nov-2014,7.5,7.77,7.5,7.52,42900
CENTA,21-Nov-2014,8.38,8.44,8.24,8.27,113900
CENX,21-Nov-2014,27.9,29.07,27.61,27.84,1427200
CERE,21-Nov-2014,2.32,2.32,2,2.16,467600
CERN,21-Nov-2014,64.47,64.5,63.5,63.6,1674700
CERS,21-Nov-2014,4.45,4.48,4.21,4.26,1577800
CEVA,21-Nov-2014,16.64,16.64,16.12,16.31,72100
CFA,21-Nov-2014,36.4,36.4,36.4,36.4,100
CFBK,21-Nov-2014,7.865,7.92,7.15,7.26,25600
CFFI,21-Nov-2014,38.25,38.25,37.95,37.95,2400
CFFN,21-Nov-2014,12.74,12.78,12.49,12.5,494600
CFO,21-Nov-2014,36.69,36.69,36.3,36.35,6300
CFRX,21-Nov-2014,27.4,28.8,26.5,28.8,7100
CG,21-Nov-2014,29.5,29.9,29.27,29.8,777700
CGEN,21-Nov-2014,7.08,7.3,6.85,7.17,270300
CGNX,21-Nov-2014,20.585,20.585,20.185,20.315,426400
CGO,21-Nov-2014,13.88,14.03,13.88,13.99,19800
CHCI,21-Nov-2014,1.06,1.15,1.04,1.08,114400
CHCO,21-Nov-2014,44.62,45.15,43.3,43.52,63500
CHDN,21-Nov-2014,33.07,33.07,32.4433,32.48,53600
CHEF,21-Nov-2014,16.54,17.14,16.48,17.07,192100
CHI,21-Nov-2014,13.65,13.65,13.59,13.62,144800
CHKP,21-Nov-2014,77.35,77.39,76.58,76.72,953500
CHMG,21-Nov-2014,28.46,28.46,28.43,28.43,400
CHNR,21-Nov-2014,3.32,3.32,3.32,3.32,2100
CHRS,21-Nov-2014,12.97,13.38,12.75,13.05,65900
CHRW,21-Nov-2014,73.27,73.33,72.66,72.82,1286600
CHSCM,21-Nov-2014,25.59,25.59,25.39,25.5,54200
CHSCN,21-Nov-2014,27.37,27.63,27.32,27.34,10200
CHSCO,21-Nov-2014,28.67,28.67,28.45,28.57,12000
CHSCP,21-Nov-2014,31.12,31.13,30.9,31.08,6500
CHTR,21-Nov-2014,161.7,161.7,158.18,160.29,816700
CHUY,21-Nov-2014,21.91,22.21,21.67,21.81,238900
CHW,21-Nov-2014,8.97,9.02,8.94,8.98,139800
CHY,21-Nov-2014,14.56,14.56,14.45,14.51,156300
CIDM,21-Nov-2014,17.2,17.7,16.9,17,241800
CINF,21-Nov-2014,51.33,51.33,50.87,51.09,521500
CIZ,21-Nov-2014,35.19,35.2,35.13,35.13,1100
CIZN,21-Nov-2014,19.05,19.4,19.05,19.05,900
CJJD,21-Nov-2014,2.25,2.25,2.03,2.18,33200
CLDX,21-Nov-2014,310.65,319.2,301.65,312.45,5722300
CLFD,21-Nov-2014,13.49,13.64,13.01,13.07,38100
CLIR,21-Nov-2014,6.97,6.97,6.45,6.83,49300
CLMT,21-Nov-2014,28.56,28.84,27.75,28.04,564200
CLNE,21-Nov-2014,6.5,6.66,6.45,6.6,1312400
CLRB,21-Nov-2014,244,244,230,243,20900
CLRO,21-Nov-2014,9.59,9.75,9.48,9.6,12000
CLSN,21-Nov-2014,2.45,2.62,2.45,2.58,78700
CLVS,21-Nov-2014,50.66,51.56,47.67,48.6,1055700
CLWT,21-Nov-2014,2.24,2.24,2.24,2.24,300
CMCO,21-Nov-2014,28.79,28.79,27.54,27.63,84400
CMCSA,21-Nov-2014,27.5,27.595,26.93,27.04,18891800
CMCT,21-Nov-2014,18.21,18.5,17.76,18.23,7100
CME,21-Nov-2014,84.58,84.58,82.83,83.14,1159700
CMLS,21-Nov-2014,30.08,30.72,29.6,30.16,1166300
CMPR,21-Nov-2014,65.35,65.67,63.34,63.72,148100
CMRX,21-Nov-2014,34.16,34.91,33.5,34.77,383400
CMTL,21-Nov-2014,39.37,39.37,38.15,38.29,52100
CNBKA,21-Nov-2014,39.59,39.59,38.72,39.35,2300
CNCE,21-Nov-2014,13.03,13.14,12.74,12.96,61000
CNET,21-Nov-2014,1.92,2.03,1.82,1.82,875900
CNOB,21-Nov-2014,18.71,18.71,18.01,18.21,69400
CNSL,21-Nov-2014,26.69,26.7,26.22,26.42,165000
CNTY,21-Nov-2014,4.97,5,4.89,4.93,36800
COCO,21-Nov-2014,0.1,0.11,0.09,0.1,4542600
COHR,21-Nov-2014,56.35,56.61,55.55,56.06,194500
COHU,21-Nov-2014,11.64,11.7,11.37,11.45,73100
COKE,21-Nov-2014,93.27,93.98,92.19,92.49,13100
COLB,21-Nov-2014,28.15,28.15,27.7,27.77,365100
COLM,21-Nov-2014,43.81,44.21,43.27,43.31,232800
COMM,21-Nov-2014,21.91,22.11,21.74,21.78,575400
COMT,21-Nov-2014,50.21,50.21,49.9,49.9,600
CONE,21-Nov-2014,27.61,27.7,27.28,27.39,405700
CONN,21-Nov-2014,34.63,35.18,33.86,34.01,845200
COOL,21-Nov-2014,3.9,4.26,3.6,4.14,503400
CORT,21-Nov-2014,3.06,3.12,2.98,2.99,167500
COST,21-Nov-2014,140.8,140.83,139.23,139.72,1849200
COWN,21-Nov-2014,4.12,4.12,4.06,4.09,378600
COWNL,21-Nov-2014,25.85,25.85,25.75,25.75,5200
CPHC,21-Nov-2014,9.6,9.63,9.45,9.5,2700
CPIX,21-Nov-2014,5.13,5.21,5.1,5.11,137400
CPLP,21-Nov-2014,8.15,8.26,7.98,7.99,586800
CPRT,21-Nov-2014,17.295,17.32,17.12,17.175,338500
CPRX,21-Nov-2014,2.6,2.69,2.6,2.63,312300
CPSI,21-Nov-2014,59.32,59.7,58.19,58.75,83000
CPSS,21-Nov-2014,7.28,7.3,7.21,7.24,141300
CRAI,21-Nov-2014,31.19,31.47,29.83,29.88,50600
CREG,21-Nov-2014,121,123,121,121,151900
CRESW,21-Nov-2014,0.01,0.02,0.01,0.02,10100
CRESY,21-Nov-2014,11.39,11.39,11.04,11.04,67600
CRIS,21-Nov-2014,6.4,6.65,6.3,6.55,404000
CRMT,21-Nov-2014,50.77,51.74,50.06,50.56,85300
CRNT,21-Nov-2014,1.04,1.06,1.02,1.02,413300
CROX,21-Nov-2014,12.97,13.02,12.79,12.8,613800
CRTO,21-Nov-2014,39.44,39.95,39.1,39.5,419800
CRUS,21-Nov-2014,18.3,18.43,18,18.14,1346900
CRVL,21-Nov-2014,33.88,34.24,33.48,33.7,22300
CRWS,21-Nov-2014,7.25,7.38,7.17,7.19,14100
CSCO,21-Nov-2014,26.95,27.05,26.67,26.88,31912100
CSF,21-Nov-2014,37.52,37.52,37.22,37.34,1300
CSGP,21-Nov-2014,168.36,168.36,165.44,167.65,304400
CSGS,21-Nov-2014,25.49,25.75,25.11,25.25,152000
CSII,21-Nov-2014,29.47,31.16,28.54,28.85,137100
CSIQ,21-Nov-2014,27.87,28.53,27.48,27.57,3434200
CSOD,21-Nov-2014,31.83,31.87,30.71,31.07,996600
CSPI,21-Nov-2014,8,8.09,7.88,7.96,5300
CSQ,21-Nov-2014,11.9,11.98,11.86,11.91,274400
CSTE,21-Nov-2014,63.68,63.92,60.34,61.49,339000
CSWC,21-Nov-2014,37.52,37.52,36.55,36.94,45600
CSX,21-Nov-2014,37.7,37.71,37.36,37.56,5442700
CTAS,21-Nov-2014,72.69,73,71.74,71.92,1377100
CTBI,21-Nov-2014,36.27,36.32,35.21,35.3,29500
CTG,21-Nov-2014,9.33,9.39,9.22,9.25,84500
CTHR,21-Nov-2014,1.68,1.68,1.58,1.59,33500
CTIB,21-Nov-2014,3.81,3.81,3.81,3.81,100
CTIC,21-Nov-2014,22,22.3,21.7,22.2,1540000
CTRE,21-Nov-2014,15.7,15.7,15.5,15.57,89300
CTRN,21-Nov-2014,23.53,23.79,23.03,23.78,117100
CTSH,21-Nov-2014,52.53,53.09,51.81,53.06,4769800
CTXS,21-Nov-2014,52.0064,52.5876,51.672,51.9666,2164400
CUBA,21-Nov-2014,7.44,7.54,7.42,7.42,11700
CUTR,21-Nov-2014,10.17,10.17,9.89,9.89,5200
CVBF,21-Nov-2014,15.54,15.63,15.16,15.19,278000
CVCO,21-Nov-2014,76.2,76.67,74.41,74.81,22600
CVCY,21-Nov-2014,10.9,10.9,10.71,10.71,1000
CVGI,21-Nov-2014,7.21,7.25,6.75,6.76,184900
CVGW,21-Nov-2014,44.55,44.55,43.32,43.57,65700
CVLT,21-Nov-2014,48.31,48.8,47.74,47.92,574500
CVLY,21-Nov-2014,20.25,20.25,20.25,20.25,400
CVV,21-Nov-2014,14.57,14.85,14.33,14.6,27100
CWBC,21-Nov-2014,6.5,6.58,6.47,6.58,27400
CWCO,21-Nov-2014,12.22,12.4,12.08,12.25,38800
CWST,21-Nov-2014,4.22,4.23,4.15,4.17,66300
CXDC,21-Nov-2014,5.5,5.56,5.36,5.51,62900
CYAN,21-Nov-2014,6.4,6.59,6.3,6.31,46000
CYBE,21-Nov-2014,9.25,9.45,9.25,9.31,18000
CYBR,21-Nov-2014,43.52,44.32,42.53,42.81,693800
CYCC,21-Nov-2014,720,724.8,698.4,708,61000
CYCCP,21-Nov-2014,7.51,7.51,7.51,7.51,0
CYRN,21-Nov-2014,1.55,1.56,1.5,1.52,33700
CYTK,21-Nov-2014,4.14,4.2,4.07,4.11,456800
CZNC,21-Nov-2014,19.61,19.68,19.36,19.37,21100
CZR,21-Nov-2014,15.39,16.1,15.3,16.02,1335500
CZWI,21-Nov-2014,9.15,9.22,9.15,9.22,1800
DAIO,21-Nov-2014,3.45,3.5,3.4,3.48,3200
DAKT,21-Nov-2014,13.63,13.71,13.33,13.4,193900
DAX,21-Nov-2014,26.54,26.54,26.46,26.49,1000
DBVT,21-Nov-2014,25.14,25.98,25.14,25.43,98200
DCOM,21-Nov-2014,15.61,15.63,15.14,15.19,135500
DCTH,21-Nov-2014,22.56,23.36,22.56,22.88,31100
DENN,21-Nov-2014,9.04,9.04,8.82,8.89,472200
DGICA,21-Nov-2014,15.45,15.57,15.37,15.43,11300
DGII,21-Nov-2014,7.49,7.55,7.33,7.35,60300
DGLY,21-Nov-2014,12.35,12.82,11.88,12.52,309700
DGRE,21-Nov-2014,25.97,26.16,25.63,26.14,50700
DGRS,21-Nov-2014,28.89,28.9,28.73,28.73,1900
DGRW,21-Nov-2014,31.26,31.26,30.89,30.97,38100
DHIL,21-Nov-2014,138.2,139.9,135.54,136.05,5900
DIOD,21-Nov-2014,25.9,26.55,25.9,26.3,197100
DISCA,21-Nov-2014,34.22,34.22,33.44,33.75,3043000
DISCB,21-Nov-2014,36.19,36.19,36.19,36.19,0
DISCK,21-Nov-2014,33.83,33.83,32.96,33.18,2695400
DISH,21-Nov-2014,74.26,75.29,72.85,73.7,3844100
DJCO,21-Nov-2014,225,225,215.5,216,1200
DLHC,21-Nov-2014,2.55,2.65,2.55,2.55,6600
DLTR,21-Nov-2014,66.84,67.23,66.01,66.39,3209200
DMLP,21-Nov-2014,27.01,27.44,26.83,27.33,27700
DMRC,21-Nov-2014,25.31,25.49,24.16,24.3,22900
DORM,21-Nov-2014,48.01,48.15,46.8,47.16,228400
DOX,21-Nov-2014,47.78,48.19,47.67,48.07,705200
DRIV,21-Nov-2014,25.55,25.55,25.07,25.18,250100
DRNA,21-Nov-2014,10.94,11.16,10.65,11.12,255600
DRRX,21-Nov-2014,1,1.05,0.9,0.95,514000
DSGX,21-Nov-2014,15.15,15.32,14.91,15.01,11500
DSPG,21-Nov-2014,11,11,10.7,10.73,65000
DSWL,21-Nov-2014,2.07,2.2,2.07,2.14,17300
DVAX,21-Nov-2014,14.64,14.67,14,14.29,401600
DWAT,21-Nov-2014,10.4,10.4,10.35,10.39,32900
DWSN,21-Nov-2014,15.67,16.06,15.41,15.54,41400
DXCM,21-Nov-2014,51.72,51.72,49.84,50.37,738900
DXGE,21-Nov-2014,27.08,27.23,27.04,27.15,18400
DXJS,21-Nov-2014,32.45,32.48,32.15,32.24,40900
DXLG,21-Nov-2014,5.25,5.38,4.91,5.19,161500
DXPE,21-Nov-2014,65.68,65.9,63.42,64.41,97100
DXYN,21-Nov-2014,6.9,7.14,6.58,6.99,168800
DYNT,21-Nov-2014,3.82,3.84,3.75,3.8,7200
EA,21-Nov-2014,43.67,44.06,43.25,43.49,3328400
EAC,21-Nov-2014,11.21,11.25,11.05,11.17,22000
EBAY,21-Nov-2014,23.0947,23.0947,22.8337,22.9137,8440000
EBIX,21-Nov-2014,16.4,16.5,16.2,16.26,181100
EBMT,21-Nov-2014,10.85,11.25,10.83,11.07,12300
EBSB,21-Nov-2014,11.35,11.35,11.02,11.06,107700
EBTC,21-Nov-2014,23.07,23.27,22.71,22.73,9000
ECHO,21-Nov-2014,26.97,27,26.37,26.44,108800
ECOL,21-Nov-2014,40.14,40.25,39.82,40.06,311400
ECPG,21-Nov-2014,42.67,43.66,42.17,42.32,296100
EDAP,21-Nov-2014,2.05,2.48,2.03,2.33,1884800
EDUC,21-Nov-2014,2.17,2.17,2.12,2.135,4100
EEFT,21-Nov-2014,56.8,56.81,55.47,55.68,202100
EEMA,21-Nov-2014,59.55,59.58,59.13,59.15,9600
EFOI,21-Nov-2014,27.1,27.1,25.55,26.3,103600
EFSC,21-Nov-2014,18.86,19.22,18.86,18.96,42700
EGAN,21-Nov-2014,5,5.12,4.99,5.02,50600
EGBN,21-Nov-2014,35.19,35.82,34.45,34.86,118900
EGLE,21-Nov-2014,2030,2073.4,2030,2065,37400
EGRX,21-Nov-2014,12.5,12.69,12.33,12.46,35700
EHTH,21-Nov-2014,25.38,25.67,24.8,25.62,379200
ELSE,21-Nov-2014,3.95,3.95,3.95,3.95,500
ELTK,21-Nov-2014,1.57,1.57,1.5,1.51,2800
EMCB,21-Nov-2014,74.64,74.87,74.27,74.3,3000
EMCF,21-Nov-2014,22.61,24.97,22.61,24.06,1000
EMIF,21-Nov-2014,34.78,35.32,34.78,35.3,48100
EMKR,21-Nov-2014,5.23,5.26,5.15,5.23,299900
EML,21-Nov-2014,16.48,16.9,16.4,16.6,13100
ENDP,21-Nov-2014,70.31,71.11,69.86,70.2,1783400
ENG,21-Nov-2014,2.49,2.69,2.39,2.47,242900
ENPH,21-Nov-2014,11.36,11.84,11.1,11.48,690200
ENSG,21-Nov-2014,19.895,19.895,19.285,19.385,75300
ENTA,21-Nov-2014,44.05,44.97,43.28,43.5,246300
ENTG,21-Nov-2014,13.64,13.64,13.31,13.33,367600
ENVI,21-Nov-2014,1.62,1.63,1.54,1.58,31400
EPAY,21-Nov-2014,25.42,25.48,24.98,25.24,215300
EPZM,21-Nov-2014,23.99,23.99,22.41,22.49,368700
EQIX,21-Nov-2014,225.78,225.91,221.47,223.68,469700
ERIC,21-Nov-2014,12.6,12.63,12.52,12.62,4062800
ERIE,21-Nov-2014,85.8,85.99,85.18,85.41,23300
ERII,21-Nov-2014,5.09,5.13,4.87,4.98,144500
ESBK,21-Nov-2014,21.75,21.75,21.75,21.75,0
ESCA,21-Nov-2014,13.3,13.39,12.78,12.87,13500
ESEA,21-Nov-2014,7.52,7.84,7.36,7.6,28700
ESGR,21-Nov-2014,146.3,147.06,144.12,145.71,13300
ESLT,21-Nov-2014,58.76,58.76,58,58.21,14000
ESPR,21-Nov-2014,30.4,30.4,28.9,29.64,175000
ESSA,21-Nov-2014,11.54,11.54,11.35,11.36,17900
ESXB,21-Nov-2014,4.4,4.43,4.4,4.41,600
EUFN,21-Nov-2014,23,23.11,22.97,23.05,2522700
EVK,21-Nov-2014,6.94,6.95,6.71,6.82,1700
EVLV,21-Nov-2014,6.4,6.4,5.96,6.17,236900
EVOK,21-Nov-2014,6.22,6.23,5.85,5.85,19000
EVOL,21-Nov-2014,9.96,10.5,9.82,10.04,54400
EWBC,21-Nov-2014,38,38,36.35,36.38,487200
EXAS,21-Nov-2014,22.75,24.31,22.67,23.98,2539900
EXEL,21-Nov-2014,1.78,1.78,1.69,1.76,1504600
EXLS,21-Nov-2014,27.85,28.42,27.21,27.64,183800
EXPD,21-Nov-2014,44.37,44.66,44.16,44.51,1931200
EXPE,21-Nov-2014,87.25,87.32,84.4,84.69,2259300
EXPO,21-Nov-2014,19.6475,19.67,19.335,19.375,32400
EXTR,21-Nov-2014,3.87,3.87,3.66,3.68,947100
EYES,21-Nov-2014,190,190,158.24,169.12,1349800
EZPW,21-Nov-2014,10.99,11.01,10.8,10.94,312000
FANG,21-Nov-2014,68.5,71.3,68.26,69.74,1509100
FARM,21-Nov-2014,29.92,30.03,28,28.3,27200
FARO,21-Nov-2014,56.67,57.35,55.35,55.54,176800
FAST,21-Nov-2014,22.805,22.805,22.5,22.605,2640200
FATE,21-Nov-2014,3.99,4.23,3.85,4.23,38400
FB,21-Nov-2014,74.5,74.5,73.5,73.75,23060300
FBIZ,21-Nov-2014,43.86,43.99,43.1,43.83,10100
FBMS,21-Nov-2014,15.26,15.3,15.25,15.3,3000
FBNC,21-Nov-2014,17.3,17.35,17.01,17.26,46800
FCAP,21-Nov-2014,23.5,23.64,23.5,23.56,1200
FCBC,21-Nov-2014,15.73,15.76,15.4,15.46,31300
FCCO,21-Nov-2014,10.75,10.75,10.7,10.72,15200
FCCY,21-Nov-2014,10.55,10.96,10.55,10.76,3600
FCEL,21-Nov-2014,260.64,263.52,246.24,252,2977000
FCFS,21-Nov-2014,58.75,58.75,58.37,58.66,114100
FCNCA,21-Nov-2014,247.86,247.86,244.45,246.46,11900
FDIV,21-Nov-2014,51.12,51.18,51,51.08,3300
FDUS,21-Nov-2014,16.44,16.68,16.35,16.41,65000
FEIM,21-Nov-2014,10.88,10.88,10.88,10.88,0
FELE,21-Nov-2014,37.65,37.88,36.82,37.09,148000
FEMB,21-Nov-2014,50.55,50.55,50.55,50.55,700
FEUZ,21-Nov-2014,31.96,31.96,31.96,31.96,1300
FFBC,21-Nov-2014,18.24,18.29,17.81,17.84,637800
FFHL,21-Nov-2014,0.96,0.98,0.95,0.97,20200
FFIC,21-Nov-2014,19.78,19.78,19.28,19.3,91100
FFIN,21-Nov-2014,15.745,15.76,15.265,15.315,134300
FFIV,21-Nov-2014,129.49,129.73,127.94,128.73,1158800
FFNW,21-Nov-2014,11.65,11.67,11.42,11.46,32100
FFWM,21-Nov-2014,9.2,9.2,9.2,9.2,1000
FGEN,21-Nov-2014,24.04,24.04,22.5,22.82,192500
FIBK,21-Nov-2014,28.14,28.32,27.87,28.01,200400
FISI,21-Nov-2014,24.23,24.23,23.74,23.93,48100
FISV,21-Nov-2014,35.605,35.605,34.97,35.03,2197800
FITB,21-Nov-2014,20.3,20.43,20.06,20.13,4058800
FITBI,21-Nov-2014,27.49,27.49,27.42,27.43,7800
FIVE,21-Nov-2014,45.5,45.68,44.63,45.26,1366700
FIVN,21-Nov-2014,4.41,4.54,4.29,4.51,394200
FIZZ,21-Nov-2014,26.15,26.15,25.4,25.55,60600
FLDM,21-Nov-2014,31.21,31.21,30.05,30.14,152800
FLEX,21-Nov-2014,11.11,11.18,11.05,11.1,6164600
FLIC,21-Nov-2014,26.56,26.56,25.85,26.09,16000
FLL,21-Nov-2014,1.32,1.4,1.3,1.36,52900
FLWS,21-Nov-2014,8.66,8.66,8.37,8.44,157700
FLXN,21-Nov-2014,17.48,19,16.58,16.68,25200
FLXS,21-Nov-2014,31.28,31.28,29.61,29.97,24400
FMB,21-Nov-2014,50.99,50.99,50.99,50.99,0
FMBH,21-Nov-2014,20,20,20,20,600
FMBI,21-Nov-2014,17.22,17.23,16.72,16.85,391700
FMNB,21-Nov-2014,8.49,8.5,8.43,8.47,8400
FNHC,21-Nov-2014,25.86,26.18,24.41,24.81,224300
FNLC,21-Nov-2014,17.55,17.89,17.24,17.47,37000
FOLD,21-Nov-2014,7.11,7.18,6.85,6.97,1271600
FONR,21-Nov-2014,11.72,11.83,11.62,11.64,14500
FORD,21-Nov-2014,1.05,1.07,1.03,1.04,20000
FORM,21-Nov-2014,8.52,8.75,8.16,8.24,723500
FORR,21-Nov-2014,38.94,38.99,38.13,38.54,22800
FORTY,21-Nov-2014,25.2,25.2,24.08,24.08,200
FOSL,21-Nov-2014,110.58,110.77,109.24,109.37,623000
FOX,21-Nov-2014,34.07,34.12,33.69,33.95,3619900
FOXA,21-Nov-2014,35.48,35.55,34.95,35.21,11036000
FOXF,21-Nov-2014,14.02,14.05,13.55,13.64,126000
FPXI,21-Nov-2014,30.47,30.47,30.33,30.33,1100
FRBA,21-Nov-2014,6.04,6.04,6.04,6.04,200
FRBK,21-Nov-2014,3.89,3.92,3.88,3.9,26400
FREE,21-Nov-2014,72000,84000,66000,78000,4275100
FRGI,21-Nov-2014,55.66,55.66,54.07,54.32,234600
FRME,21-Nov-2014,22.07,22.07,21.52,21.55,64800
FRPT,21-Nov-2014,17.61,18.18,17.06,17.2,230300
FRSH,21-Nov-2014,9.7,10.22,9.63,10.16,344500
FSBW,21-Nov-2014,17.33,17.4,17.33,17.39,4000
FSFG,21-Nov-2014,25.4,25.4,25.39,25.39,600
FSLR,21-Nov-2014,50.25,50.78,49.63,49.76,1933200
FSTR,21-Nov-2014,50.14,50.14,45.76,48.4,46400
FTCS,21-Nov-2014,38,38.04,37.86,37.89,21900
FTEK,21-Nov-2014,4.15,4.19,4.09,4.14,32800
FTGC,21-Nov-2014,29.29,29.42,29.15,29.24,117500
FTHI,21-Nov-2014,20.57,20.57,20.55,20.55,1000
FTLB,21-Nov-2014,20.36,20.37,20.34,20.34,2700
FTNT,21-Nov-2014,27.3,27.4,27.01,27.11,1137400
FTSL,21-Nov-2014,49.34,49.34,49.05,49.08,38400
FTSM,21-Nov-2014,60.07,60.07,60,60,137400
FULT,21-Nov-2014,12.3,12.33,12.07,12.09,780700
FUNC,21-Nov-2014,8.57,8.59,8.51,8.51,7500
FUND,21-Nov-2014,7.68,7.78,7.67,7.69,26400
FV,21-Nov-2014,21.82,21.82,21.55,21.58,905700
FWP,21-Nov-2014,20.75,20.79,19.96,20.37,93200
FWRD,21-Nov-2014,48.43,48.7,47.44,48.06,86000
GABC,21-Nov-2014,19.5333,19.8,19.2933,19.3133,19700
GAIA,21-Nov-2014,7.33,7.36,7.16,7.24,38500
GAIN,21-Nov-2014,7.35,7.36,7.28,7.3,53100
GALT,21-Nov-2014,4.43,4.47,4.18,4.2,122900
GAME,21-Nov-2014,6.51,6.59,6.51,6.56,110700
GASS,21-Nov-2014,7.49,7.83,7.36,7.56,223900
GBCI,21-Nov-2014,28.1,28.23,27.38,27.49,251300
GBDC,21-Nov-2014,17.65,17.65,17.33,17.4,156000
GBLI,21-Nov-2014,27.56,28.16,27.56,27.79,15700
GCBC,21-Nov-2014,13.13,13.13,13.13,13.13,0
GENC,21-Nov-2014,6.4,6.48,6.36,6.3667,12400
GENE,21-Nov-2014,6.8,7,6.4,6.4,255700
GEOS,21-Nov-2014,28.29,31.86,28.25,29.54,902500
GERN,21-Nov-2014,3.3,3.76,3.28,3.7,18360400
GEVO,21-Nov-2014,2640,2880,2580,2700,2294700
GFED,21-Nov-2014,12.85,12.95,12.8,12.95,6500
GGAL,21-Nov-2014,15.96,16.16,15.72,15.91,306000
GIFI,21-Nov-2014,22.52,22.52,21.89,22.12,35500
GIGM,21-Nov-2014,4.8,5.1,4.8,5.1,562200
GIII,21-Nov-2014,43.475,43.68,42.485,42.63,191000
GILD,21-Nov-2014,102.17,102.51,100.08,100.58,16764900
GILT,21-Nov-2014,5,5.03,4.87,4.94,8900
GLAD,21-Nov-2014,9.24,9.3,9.21,9.22,74700
GLBS,21-Nov-2014,12760,12760,12760,12760,200
GLBZ,21-Nov-2014,12.45,12.52,12.15,12.48,600
GLDD,21-Nov-2014,7.51,7.62,7.44,7.56,332400
GLDI,21-Nov-2014,12.38,12.38,12.31,12.36,10300
GLMD,21-Nov-2014,5.47,5.91,5.43,5.88,28400
GLNG,21-Nov-2014,54.68,55.46,52.45,52.88,2015200
GLPI,21-Nov-2014,32.29,32.73,32.28,32.61,430300
GLRE,21-Nov-2014,32.25,32.25,31.9,32.07,131700
GLYC,21-Nov-2014,9.08,9.21,8.9,9.21,76500
GNCA,21-Nov-2014,72.08,72.8,71.92,72.4,20800
GNMA,21-Nov-2014,50.38,50.5,50.29,50.36,13500
GNTX,21-Nov-2014,17.77,17.915,17.625,17.65,571300
GOGO,21-Nov-2014,16.4,16.66,16.1,16.27,831200
GOOD,21-Nov-2014,17.66,17.66,17.5,17.52,75200
GOODN,21-Nov-2014,26.01,26.02,25.85,26.01,800
GOODO,21-Nov-2014,25.25,25.3,25.25,25.3,1500
GOOG,21-Nov-2014,541.61,542.14,536.56,537.5,2218200
GOOGL,21-Nov-2014,551.04,551.04,545,545.89,2505900
GPRE,21-Nov-2014,35.67,36.3,33.35,34.86,2266200
GPRO,21-Nov-2014,73.6,73.6,70.55,70.72,10853500
GRBK,21-Nov-2014,7.76,8.38,7.71,8.14,461300
GRFS,21-Nov-2014,18.35,18.605,18.28,18.41,171500
GRID,21-Nov-2014,36,36.02,35.91,35.93,2100
GRMN,21-Nov-2014,59.49,59.51,58.62,58.93,2134000
GROW,21-Nov-2014,3.02,3.06,2.8,2.98,10600
GRPN,21-Nov-2014,152.4,153.8,148,150.2,16655500
GRVY,21-Nov-2014,2.4,2.48,2.4,2.48,1000
GSBC,21-Nov-2014,39.26,39.62,37.72,37.94,19200
GSIT,21-Nov-2014,5.25,5.25,5.11,5.12,17800
GSM,21-Nov-2014,17.71,17.85,17.43,17.52,591600
GT,21-Nov-2014,26.5,26.74,26.31,26.48,3098000
GTIM,21-Nov-2014,5.91,5.93,5.56,5.73,75400
GURE,21-Nov-2014,5.85,6.25,5.8,5.85,135000
GWGH,21-Nov-2014,9.18,9.18,9.05,9.18,1700
GYRO,21-Nov-2014,4.24,4.39,4.24,4.27,2200
HA,21-Nov-2014,18.59,18.61,17.93,18.21,1031800
HAFC,21-Nov-2014,20.9,20.91,20.23,20.31,176600
HAIN,21-Nov-2014,53.83,53.925,53.24,53.395,373700
HALL,21-Nov-2014,11.74,11.96,11.47,11.76,19700
HALO,21-Nov-2014,8.58,8.6,8.4,8.52,883800
HAS,21-Nov-2014,57.08,57.2,56.45,56.69,1274700
HAYN,21-Nov-2014,47.35,49.09,45.24,46.64,47400
HBAN,21-Nov-2014,10.23,10.25,10.06,10.13,6676600
HBANP,21-Nov-2014,1321,1321,1310,1316,100
HBCP,21-Nov-2014,22.38,22.94,22.38,22.7,228000
HBIO,21-Nov-2014,4.72,4.83,4.65,4.69,67100
HBMD,21-Nov-2014,10.75,10.99,10.51,10.99,2100
HBNC,21-Nov-2014,11.0889,11.1111,10.9555,11.0489,12800
HBP,21-Nov-2014,3.31,3.31,3.31,3.31,100
HCCI,21-Nov-2014,17.85,17.85,17.5,17.57,12000
HCKT,21-Nov-2014,8.37,8.66,8.2,8.57,155300
HCSG,21-Nov-2014,30.16,30.2,29.76,29.96,446500
HDSN,21-Nov-2014,3.63,3.63,3.53,3.57,146800
HEAR,21-Nov-2014,16.88,17.08,16.24,16.64,132000
HEES,21-Nov-2014,37.4,38.41,37.03,38.33,343800
HELE,21-Nov-2014,63.9,64.59,63.27,63.99,199800
HERO,21-Nov-2014,1.52,1.54,1.46,1.48,3479300
HFBL,21-Nov-2014,19.35,19.35,19.35,19.35,100
HFWA,21-Nov-2014,17.95,18.09,17.17,17.19,119600
HGSH,21-Nov-2014,8.04,8.64,7.76,7.78,86400
HIBB,21-Nov-2014,51.35,53.4,47.28,47.75,1966900
HIFS,21-Nov-2014,88.96,88.96,87.78,87.78,300
HIHO,21-Nov-2014,3.38,3.38,3.3,3.35,24300
HIMX,21-Nov-2014,6.72,6.81,6.61,6.67,2902600
HLIT,21-Nov-2014,6.89,6.93,6.81,6.83,325200
HMHC,21-Nov-2014,20.28,20.33,19.45,19.76,1009300
HMNF,21-Nov-2014,12.55,12.59,12.55,12.59,500
HMST,21-Nov-2014,16.65,16.7,16.44,16.55,54500
HMTV,21-Nov-2014,13.03,13.06,12.62,12.85,16000
HNNA,21-Nov-2014,11.9667,12.26,11.9667,12.2267,2400
HNRG,21-Nov-2014,12.17,12.17,11.6,11.71,38700
HOFT,21-Nov-2014,15.07,15.16,14.93,15.05,8600
HOLI,21-Nov-2014,24.3,25.2,24.03,25.12,612700
HOLX,21-Nov-2014,26.72,26.72,26.4,26.51,1319800
HOMB,21-Nov-2014,16.155,16.155,15.665,15.75,174300
HOVNP,21-Nov-2014,15.25,15.51,15.02,15.35,14000
HQY,21-Nov-2014,22.38,23.75,22.13,22.96,90100
HRTX,21-Nov-2014,8.06,8.14,7.93,8.05,33800
HRZN,21-Nov-2014,14.03,14.13,13.98,14.02,36900
HSIC,21-Nov-2014,133.17,133.98,131.84,132.47,396600
HSII,21-Nov-2014,20.28,20.31,19.94,20.01,148400
HSKA,21-Nov-2014,15.39,15.6,15.39,15.5,49700
HSON,21-Nov-2014,30.1,30.4,28.1,28.6,31600
HSTM,21-Nov-2014,30.27,30.28,28.85,29.08,154500
HTBI,21-Nov-2014,15.48,15.54,15.44,15.45,49600
HTBK,21-Nov-2014,8.42,8.47,8.26,8.28,18900
HTBX,21-Nov-2014,45.5,47.1,45.2,45.2,14100
HTHT,21-Nov-2014,6.11,6.1675,6.0675,6.1025,132500
HTLD,21-Nov-2014,26.44,26.49,26.09,26.28,292700
HTLF,21-Nov-2014,25.5,25.82,25.29,25.34,31000
HUBG,21-Nov-2014,37.77,38.32,37.17,38.14,252000
HURC,21-Nov-2014,35.61,35.83,34.71,34.76,31500
HURN,21-Nov-2014,69.61,69.61,68.23,68.34,97000
HWBK,21-Nov-2014,14.11,14.11,14.11,14.11,0
HWKN,21-Nov-2014,40.55,40.98,40.16,40.47,23400
HYLS,21-Nov-2014,50.85,50.94,50.6,50.91,248900
HYZD,21-Nov-2014,24.39,24.39,24.37,24.39,2400
HZNP,21-Nov-2014,12.58,12.77,11.88,11.93,1764400
IART,21-Nov-2014,24.055,24.285,23.525,23.75,119600
IBB,21-Nov-2014,297,298.75,294.3,295.01,1277800
IBCP,21-Nov-2014,12.15,12.33,11.95,11.95,59700
IBKR,21-Nov-2014,27.24,27.29,26.82,26.97,389400
IBOC,21-Nov-2014,26.73,26.87,25.96,26.01,181800
IBTX,21-Nov-2014,43.71,44.44,43.31,43.78,34400
ICAD,21-Nov-2014,10.59,10.59,10.06,10.34,33600
ICCC,21-Nov-2014,4.66,4.66,4.66,4.66,100
ICFI,21-Nov-2014,37.63,37.63,36.81,36.86,40300
ICLN,21-Nov-2014,10.37,10.39,10.32,10.35,17900
ICLR,21-Nov-2014,54.25,54.98,54.21,54.53,401400
ICPT,21-Nov-2014,158.33,158.7,154.1,154.87,357800
ICUI,21-Nov-2014,82.3,82.3,79.62,80.35,175200
IDCC,21-Nov-2014,51.17,51.29,49.96,50.06,345900
IDRA,21-Nov-2014,20.4,20.4,19.6,20.08,557500
IDXX,21-Nov-2014,74.645,74.755,73.73,73.875,277100
IEP,21-Nov-2014,105.91,105.91,104.14,104.27,72000
IESC,21-Nov-2014,7.4,7.45,7.27,7.38,3600
IEUS,21-Nov-2014,42.64,42.64,42.34,42.34,1000
IFGL,21-Nov-2014,30.92,30.99,30.76,30.83,99300
IFV,21-Nov-2014,18.84,18.97,18.77,18.81,45700
IGOV,21-Nov-2014,97.16,97.36,96.88,97.05,20900
III,21-Nov-2014,4.01,4.05,3.94,3.96,42200
IIN,21-Nov-2014,6,6.05,5.88,6,3900
IIVI,21-Nov-2014,13.52,13.54,13.21,13.47,231100
IKNX,21-Nov-2014,15.51,16,15.4,15.78,1200
ILMN,21-Nov-2014,190.52,191.2,185.54,185.83,796300
IMGN,21-Nov-2014,9.83,10.02,9.7,9.84,702400
IMKTA,21-Nov-2014,27.69,27.81,27.13,27.74,40900
IMMR,21-Nov-2014,8.92,8.95,8.78,8.78,157100
IMOS,21-Nov-2014,21.27,21.77,20.64,20.94,140600
INBK,21-Nov-2014,18.63,18.63,18.21,18.46,9400
INCR,21-Nov-2014,22.27,24,22.27,23.57,186100
INCY,21-Nov-2014,72.56,73.15,71.64,72.27,725000
INDB,21-Nov-2014,40.1,40.1,39.21,39.39,72200
INDY,21-Nov-2014,31.82,32.02,31.74,32,350500
INFI,21-Nov-2014,14.5,14.52,13.91,14.21,741200
INFN,21-Nov-2014,13.94,14,13.52,13.61,1535800
INGN,21-Nov-2014,24.23,24.84,24.05,24.52,88900
INO,21-Nov-2014,10.06,10.19,9.75,9.98,652300
INOD,21-Nov-2014,2.64,2.64,2.59,2.64,19600
INSM,21-Nov-2014,13.53,13.75,13.32,13.52,317600
INTC,21-Nov-2014,35.98,36.46,35.5,35.59,56721500
INTG,21-Nov-2014,18.18,18.49,18,18,3700
INTU,21-Nov-2014,95.34,95.42,91.71,91.72,3773000
INVE,21-Nov-2014,10.7,11.3,10.35,10.65,338000
IOSP,21-Nov-2014,44.26,44.34,43.41,43.87,83100
IPAR,21-Nov-2014,26.62,26.81,26.49,26.71,178400
IPDN,21-Nov-2014,38,40.16,37.68,40.16,1600
IPGP,21-Nov-2014,73.3,73.64,72.31,73.16,207700
IPKW,21-Nov-2014,25.5,25.5,25.46,25.46,1100
IPWR,21-Nov-2014,69.5,70.8,68.3,69.7,3800
IRBT,21-Nov-2014,35.31,35.7,34.56,34.78,404500
IRDM,21-Nov-2014,9.55,9.75,9.32,9.36,458300
IRIX,21-Nov-2014,8.46,8.58,8.32,8.43,11800
IRMD,21-Nov-2014,8.63,8.63,8.34,8.55,14500
IROQ,21-Nov-2014,16.85,16.85,16.85,16.85,0
IRWD,21-Nov-2014,13.92,14,13.7,13.84,652900
ISBC,21-Nov-2014,10.77,10.84,10.67,10.7,1402100
ISHG,21-Nov-2014,86.69,86.79,86.34,86.53,8800
ISIG,21-Nov-2014,3.01,3.01,2.92,2.98,12200
ISLE,21-Nov-2014,7.1,7.24,7.03,7.05,101500
ISRG,21-Nov-2014,520,520,509.12,515.43,264000
ISSC,21-Nov-2014,2.99,3.02,2.9,2.91,93100
ISTR,21-Nov-2014,13.75,13.8,13.6,13.75,6600
ITCI,21-Nov-2014,15.1,15.1,14.68,14.82,35100
ITIC,21-Nov-2014,74,74.05,71.57,74.05,3100
ITRI,21-Nov-2014,40.39,40.71,39.77,40.28,213800
ITRN,21-Nov-2014,21.51,21.75,21.22,21.25,4000
IVAC,21-Nov-2014,7.35,7.43,7.19,7.2,32900
JACK,21-Nov-2014,75.56,75.6,73.13,73.37,594000
JAKK,21-Nov-2014,67.3,68.9,67,67.8,339900
JAZZ,21-Nov-2014,172.17,173.38,169.47,170.1,559500
JBHT,21-Nov-2014,81.51,81.7,80.92,81.48,547900
JBLU,21-Nov-2014,13.67,13.69,13.02,13.25,11372200
JBSS,21-Nov-2014,39.68,39.68,38.64,38.87,27100
JCS,21-Nov-2014,11.09,11.34,11.03,11.1,7800
JCTCF,21-Nov-2014,5.3,5.3,5.3,5.3,0
JD,21-Nov-2014,24.5,25.26,23.8,24.08,4114600
JJSF,21-Nov-2014,103.44,105.07,103.44,104.17,29000
JKHY,21-Nov-2014,61.45,61.45,60.78,61.13,217300
JOBS,21-Nov-2014,35.71,35.88,35.08,35.42,112000
JOUT,21-Nov-2014,31.65,31.65,30.49,30.97,12100
JRJC,21-Nov-2014,73.3,77.7,70.6,71.8,2107700
JSM,21-Nov-2014,21.8,21.96,21.72,21.82,19200
JVA,21-Nov-2014,5.45,5.54,5.41,5.46,23300
JYNT,21-Nov-2014,6.68,6.68,6.5,6.5,66700
KALU,21-Nov-2014,73.8,74.52,72.62,72.99,166400
KBAL,21-Nov-2014,9.98,10.06,9.64,9.71,109400
KBSF,21-Nov-2014,91.5,91.5,91.5,91.5,0
KE,21-Nov-2014,10.62,10.91,10.51,10.74,238200
KELYA,21-Nov-2014,15.97,16.12,15.75,15.91,167400
KELYB,21-Nov-2014,15.17,15.17,15.17,15.17,0
KEQU,21-Nov-2014,17.31,17.6,17.31,17.36,600
KFFB,21-Nov-2014,8.5,8.5,8.5,8.5,100
KFRC,21-Nov-2014,23.29,23.41,22.69,22.89,145400
KINS,21-Nov-2014,8.51,8.6,8.5,8.57,9800
KIRK,21-Nov-2014,22.85,22.98,21.55,21.58,284300
KLAC,21-Nov-2014,81.78,81.78,80.54,81.51,2434900
KLIC,21-Nov-2014,14.07,14.1,13.91,13.95,227000
KMDA,21-Nov-2014,3.34,3.35,3.28,3.28,22900
KNDI,21-Nov-2014,14.67,14.67,13.9,14.04,1252600
KOPN,21-Nov-2014,3.59,3.69,3.45,3.6,244700
KOSS,21-Nov-2014,1.67,1.79,1.65,1.71,12000
KPTI,21-Nov-2014,42.7,42.7,40.72,41.21,237400
KRNY,21-Nov-2014,14.35,14.46,14.2,14.2,11000
KTCC,21-Nov-2014,8.2,8.44,8.2,8.3,20800
KTOS,21-Nov-2014,5.06,5.1,4.91,5.05,514700
KVHI,21-Nov-2014,12.36,12.41,12.04,12.11,20100
LAKE,21-Nov-2014,10.25,10.72,10.19,10.2,529900
LAMR,21-Nov-2014,53.75,54,53.05,53.41,809600
LANC,21-Nov-2014,92.72,93.33,91.84,92.28,96700
LAND,21-Nov-2014,10.65,10.78,10.47,10.63,52000
LARK,21-Nov-2014,21.85,22.2,20.75,21.44,12700
LAWS,21-Nov-2014,22.44,22.98,22.44,22.45,12400
LBAI,21-Nov-2014,11.14,11.16,11,11.01,59700
LBRDA,21-Nov-2014,50.81,52.11,50.81,51.6,512000
LBRDK,21-Nov-2014,51.51,52.02,51.1,51.54,501100
LBTYA,21-Nov-2014,46.75,47.15,46.19,46.87,2851000
LBTYB,21-Nov-2014,47,47,47,47,0
LBTYK,21-Nov-2014,45.5,45.81,44.96,45.42,3716300
LCNB,21-Nov-2014,14.93,14.93,14.55,14.87,3500
LCUT,21-Nov-2014,16,16,15,15.13,38100
LE,21-Nov-2014,48.94,49.14,47.02,47.21,343700
LECO,21-Nov-2014,74.77,75.49,74.48,74.95,351500
LEDS,21-Nov-2014,0.47,0.48,0.44,0.48,79400
LFUS,21-Nov-2014,96.47,96.83,95.58,95.95,78700
LFVN,21-Nov-2014,9.24,9.66,9.24,9.45,282900
LGIH,21-Nov-2014,16.57,16.57,16.08,16.23,191500
LGND,21-Nov-2014,54.39,54.5,52.61,53.05,203400
LHCG,21-Nov-2014,23.75,24.07,23.54,23.74,160600
LINC,21-Nov-2014,3.3,3.39,3.27,3.3,19900
LIVE,21-Nov-2014,3.1,3.38,3.09,3.15,251100
LJPC,21-Nov-2014,11.34,11.45,11.04,11.19,111600
LKFN,21-Nov-2014,27.3067,27.3067,26.5667,26.58,23500
LKQ,21-Nov-2014,29.15,29.17,28.7,28.79,980100
LLNW,21-Nov-2014,2.8,2.99,2.65,2.71,506600
LMAT,21-Nov-2014,7.07,7.07,7.01,7.02,2100
LMBS,21-Nov-2014,50.28,50.28,50.28,50.28,0
LMNR,21-Nov-2014,26,26,25.21,25.21,19600
LMRK,21-Nov-2014,18.72,19.1,18.65,19.05,21100
LNDC,21-Nov-2014,13.64,13.64,13.22,13.27,86000
LOAN,21-Nov-2014,2.92,2.99,2.92,2.95,22900
LOCO,21-Nov-2014,29.09,29.43,28.05,28.15,2829600
LOGI,21-Nov-2014,14.47,14.54,14.39,14.39,292100
LOPE,21-Nov-2014,47.2,47.8,46.34,46.42,234000
LORL,21-Nov-2014,75.18,75.2,73.13,73.21,51000
LPCN,21-Nov-2014,5.29,5.5,5.09,5.39,103400
LPLA,21-Nov-2014,41.76,42.69,41.66,41.91,579900
LPSN,21-Nov-2014,13.23,13.5,12.77,12.88,261600
LPTH,21-Nov-2014,1.2,1.21,1.2,1.21,3600
LQDT,21-Nov-2014,10.81,10.82,10.19,10.35,1006700
LRCX,21-Nov-2014,79.68,79.68,78.35,78.65,1472200
LSBK,21-Nov-2014,13,13,13,13,0
LSCC,21-Nov-2014,6.6,6.75,6.57,6.64,603900
LSTR,21-Nov-2014,77.23,77.95,76.74,77.56,422100
LTBR,21-Nov-2014,129,129,120.6,120.6,71800
LTRPA,21-Nov-2014,25.66,25.81,25.24,25.37,271400
LTRX,21-Nov-2014,1.95,1.95,1.9,1.9,10400
LULU,21-Nov-2014,46.6,47.15,45.94,46.91,2402400
LUNA,21-Nov-2014,1.42,1.45,1.4,1.44,31700
LWAY,21-Nov-2014,17.64,18.3,17.4,18.14,27800
LXRX,21-Nov-2014,6.65,6.72,6.3,6.65,20500300
LYTS,21-Nov-2014,6.87,6.97,6.79,6.91,32400
MACK,21-Nov-2014,9.26,9.26,8.95,9.03,1997500
MANH,21-Nov-2014,38.81,39.25,37.95,37.98,276200
MANT,21-Nov-2014,29.6,29.97,29.35,29.47,79400
MAR,21-Nov-2014,76.81,77.05,75.91,75.98,2211300
MARA,21-Nov-2014,27.82,28.64,27.62,28.38,21700
MARK,21-Nov-2014,5.08,5.08,4.9,5.02,18100
MARPS,21-Nov-2014,14.45,14.7,14,14.11,4600
MASI,21-Nov-2014,26.34,26.42,25.84,25.92,266400
MAT,21-Nov-2014,31.91,31.91,31.06,31.45,6151700
MATW,21-Nov-2014,47.53,47.53,46.51,46.87,109300
MAYS,21-Nov-2014,48,48,48,48,0
MBCN,21-Nov-2014,16.85,16.875,16.85,16.875,300
MBII,21-Nov-2014,2.69,2.69,2.42,2.64,118500
MBUU,21-Nov-2014,18.4,18.84,18.09,18.41,76800
MBWM,21-Nov-2014,19.4,19.41,18.85,18.86,18700
MCBC,21-Nov-2014,5.11,5.14,5.05,5.06,36400
MCHP,21-Nov-2014,43.91,43.99,43.28,43.78,1485500
MCHX,21-Nov-2014,3.71,3.74,3.53,3.55,559900
MCRI,21-Nov-2014,17.21,17.33,16.6,16.75,19700
MDIV,21-Nov-2014,21.98,21.99,21.81,21.85,234100
MDLZ,21-Nov-2014,39.41,39.41,38.92,39,8871000
MDRX,21-Nov-2014,12.15,12.48,12.15,12.43,3421800
MDWD,21-Nov-2014,5.7,5.7,5.2,5.33,63200
MDXG,21-Nov-2014,10.73,10.74,10.36,10.52,403100
MEIP,21-Nov-2014,6.85,6.85,6.67,6.72,26300
MELI,21-Nov-2014,137.57,139.32,135.48,138.71,505500
MEOH,21-Nov-2014,59.81,60.62,58.54,58.64,881200
MERC,21-Nov-2014,14.08,14.08,13.59,13.72,155000
MGEE,21-Nov-2014,44.01,44.71,44.01,44.22,42600
MGI,21-Nov-2014,8.78,8.86,8.63,8.78,408400
MGIC,21-Nov-2014,7.1,7.21,7.01,7.15,29600
MGLN,21-Nov-2014,60.55,61.42,60.55,60.74,166000
MGNX,21-Nov-2014,26.85,27.72,26.28,27.21,476600
MGPI,21-Nov-2014,12.89,13.32,12.67,13.05,88400
MGRC,21-Nov-2014,35.38,35.97,35.38,35.73,87000
MGYR,21-Nov-2014,8.27,8.5,8.27,8.5,2000
MHLD,21-Nov-2014,12.65,12.87,12.65,12.67,219400
MICT,21-Nov-2014,3.69,3.85,3.69,3.69,5200
MIDD,21-Nov-2014,93.55,94.82,92.92,93.25,229700
MIND,21-Nov-2014,9.13,9.24,8.88,9.09,79100
MITK,21-Nov-2014,3.94,3.99,3.7,3.76,284000
MKSI,21-Nov-2014,36.3,36.45,35.57,35.61,204600
MKTX,21-Nov-2014,64.72,65,62.64,62.74,160400
MLAB,21-Nov-2014,75.5,76.4,73.35,74.4,22400
MLHR,21-Nov-2014,31.47,31.47,30.88,31,328000
MLVF,21-Nov-2014,11.38,11.38,11.38,11.38,1800
MMLP,21-Nov-2014,37.16,37.18,35.38,35.5,1311900
MMSI,21-Nov-2014,14.99,14.99,14.67,14.72,116400
MMYT,21-Nov-2014,28.89,29.25,28.27,28.4,127300
MNDO,21-Nov-2014,3.6,3.64,3.51,3.59,253300
MNKD,21-Nov-2014,31.25,31.6,30.3,30.9,4358600
MNOV,21-Nov-2014,3.1,3.18,3.05,3.06,16300
MNRO,21-Nov-2014,52.79,54.72,52.21,54.38,259700
MNST,21-Nov-2014,37.17,37.17,36.2233,36.4833,1330800
MNTX,21-Nov-2014,11.87,11.96,11.6,11.68,89000
MOFG,21-Nov-2014,25.94,27.3,25.94,27.3,14700
MORN,21-Nov-2014,67.08,67.4,66.4,67.18,64600
MOSY,21-Nov-2014,358,370,350,362,62200
MPAA,21-Nov-2014,34.5,34.5,33.16,33.25,108700
MPB,21-Nov-2014,15.65,15.65,15.5,15.5,8000
MPWR,21-Nov-2014,46.92,47,46.19,46.63,268200
MRCC,21-Nov-2014,14.2,14.25,14.06,14.24,26200
MRCY,21-Nov-2014,13.32,13.37,13.02,13.06,112300
MRLN,21-Nov-2014,18.27,19,18.27,18.48,10900
MRNS,21-Nov-2014,26.16,28.8,25.28,28.4,33300
MRTN,21-Nov-2014,14.4933,14.58,14.3,14.5733,250600
MRTX,21-Nov-2014,16.22,16.22,15.9,16.01,17700
MRVL,21-Nov-2014,13.76,14.44,13.7,13.99,14134900
MSEX,21-Nov-2014,21.96,21.98,21.66,21.66,21800
MSFT,21-Nov-2014,49.02,49.05,47.57,47.98,42884700
MSON,21-Nov-2014,10.99,11,10.56,10.6,25600
MSTR,21-Nov-2014,169.18,170,164.61,165.78,91600
MTBC,21-Nov-2014,3.22,3.29,3.22,3.22,700
MTEX,21-Nov-2014,22.84,22.84,21.05,21.73,17300
MTLS,21-Nov-2014,10,10.41,9.88,9.91,109200
MTRX,21-Nov-2014,23.14,23.8,23.14,23.62,206900
MTSI,21-Nov-2014,24.44,25.52,24.17,24.72,883200
MU,21-Nov-2014,33.71,34.39,33.52,34.3,25563100
MVIS,21-Nov-2014,1.75,1.8,1.72,1.79,345500
MYGN,21-Nov-2014,32.37,32.52,31.99,32.38,663900
MYRG,21-Nov-2014,27.18,27.22,26.48,26.76,108600
NAII,21-Nov-2014,5.66,5.85,5.59,5.6,22100
NATH,21-Nov-2014,71.79,71.79,69.88,70.53,12900
NATI,21-Nov-2014,31.98,32.37,31.68,32.28,513100
NATR,21-Nov-2014,15.11,15.29,14.86,15.1,44200
NAVI,21-Nov-2014,20.97,21.22,20.83,21.18,2867000
NBIX,21-Nov-2014,18.93,19.27,18.63,18.95,554600
NBN,21-Nov-2014,9.12,9.12,9.05,9.05,5400
NBTB,21-Nov-2014,25.17,25.17,24.38,24.51,85600
NCMI,21-Nov-2014,14.3,14.35,13.96,14.08,323200
NCTY,21-Nov-2014,61.2,63.6,61.2,63.3,12600
NDAQ,21-Nov-2014,44.56,44.65,43.38,44.1,957800
NDLS,21-Nov-2014,22.78,23.55,22.49,23.51,464800
NDSN,21-Nov-2014,78.15,79.93,77.82,79.51,250900
NECB,21-Nov-2014,6.98,6.98,6.98,6.98,500
NEO,21-Nov-2014,4.5,4.54,4.34,4.36,384000
NEOG,21-Nov-2014,32.115,32.3775,31.5375,31.8525,120500
NEON,21-Nov-2014,23.6,25,23.1,24.3,1156600
NEPT,21-Nov-2014,1.98,2.1,1.94,2.05,361100
NERV,21-Nov-2014,4.35,4.43,4.23,4.33,5400
NETE,21-Nov-2014,19,21.4,17.4,18,7138900
NEWT,21-Nov-2014,14.53,14.53,13.92,14.01,131700
NFBK,21-Nov-2014,14.14,14.14,13.88,13.94,236900
NFLX,21-Nov-2014,53.2114,53.3214,51.3571,51.4686,2553900
NICE,21-Nov-2014,46.8,50.09,46.63,46.73,95400
NICK,21-Nov-2014,12.62,12.68,12.48,12.5,38000
NKSH,21-Nov-2014,30.55,30.55,29.97,29.97,12000
NKTR,21-Nov-2014,14.55,14.82,14.2,14.67,1229300
NMIH,21-Nov-2014,9.13,9.13,8.99,9,410100
NNBR,21-Nov-2014,20.25,20.91,20.07,20.24,216700
NRIM,21-Nov-2014,27.85,27.88,27.28,27.28,4900
NSEC,21-Nov-2014,14,14,14,14,200
NSIT,21-Nov-2014,24.58,24.84,23.71,23.78,186500
NSSC,21-Nov-2014,4.43,4.51,4.4,4.41,20600
NSTG,21-Nov-2014,13.44,13.9,13.2,13.65,85700
NSYS,21-Nov-2014,6.47,6.47,6.47,6.47,100
NTAP,21-Nov-2014,42.6,42.6,42.28,42.31,2867200
NTCT,21-Nov-2014,38.5,38.62,37.92,38.09,142700
NTES,21-Nov-2014,20.882,21.26,20.74,21.046,679500
NTGR,21-Nov-2014,34.83,34.83,34.21,34.39,129100
NTIC,21-Nov-2014,10.5,10.75,10.495,10.745,2400
NTRS,21-Nov-2014,69.15,69.15,67.71,67.92,1536400
NTWK,21-Nov-2014,4.09,4.1,3.95,3.98,35600
NUAN,21-Nov-2014,15.55,15.55,15.16,15.23,1841300
NURO,21-Nov-2014,54.72,55.04,51.2,51.2,22900
NUVA,21-Nov-2014,42.5,44.4,42.5,43.4,201700
NVAX,21-Nov-2014,102.4,104.2,100,102,2858100
NVCN,21-Nov-2014,6180,6180,6180,6180,300
NVDA,21-Nov-2014,5.13,5.1375,5.07,5.1125,4974400
NVEC,21-Nov-2014,70.87,70.87,69.27,69.78,5400
NVEE,21-Nov-2014,11.63,12.76,11.63,12.37,96200
NVFY,21-Nov-2014,20.1,20.25,19.55,19.75,28200
NVMI,21-Nov-2014,10.52,10.53,10.36,10.39,30100
NWBI,21-Nov-2014,12.89,12.93,12.61,12.66,379000
NWFL,21-Nov-2014,28.8,28.8,28.61,28.65,1100
NWLI,21-Nov-2014,265,267.1,259.24,261.8,5900
NWPX,21-Nov-2014,33.52,34.15,33.45,33.57,31700
NWS,21-Nov-2014,14.94,14.99,14.8,14.83,2172400
NWSA,21-Nov-2014,15.32,15.36,15.07,15.17,5263300
NXPI,21-Nov-2014,75.47,75.84,73.81,74.85,3015500
NXST,21-Nov-2014,47.68,49.76,47.25,49.01,484000
NXTD,21-Nov-2014,20.9,21.5,20.7,21,92300
NYMT,21-Nov-2014,7.72,7.87,7.7,7.86,20733600
NYMTP,21-Nov-2014,23.72,23.84,23.7,23.78,10800
NYMX,21-Nov-2014,0.66,0.68,0.57,0.57,885100
OBAS,21-Nov-2014,7.2,7.2,7.2,7.2,0
OBCI,21-Nov-2014,3.53,3.54,3.47,3.48,2000
OCC,21-Nov-2014,4.55,4.55,4.5,4.5,3200
OCFC,21-Nov-2014,16.51,16.67,16.16,16.42,15500
OCUL,21-Nov-2014,15.38,15.9,15.31,15.54,39000
ODFL,21-Nov-2014,78.85,79.17,78.16,78.32,730400
ODP,21-Nov-2014,69.5,70,68,68.4,7729200
OFED,21-Nov-2014,18.9,18.9,18.9,18.9,100
OFIX,21-Nov-2014,28.45,28.5,27.93,28.15,258200
OFLX,21-Nov-2014,30.72,30.72,29.86,29.86,3200
OFS,21-Nov-2014,11.92,11.99,11.79,11.89,25800
OIIM,21-Nov-2014,2,2.09,1.97,2.02,256300
OLED,21-Nov-2014,28.69,28.91,28.03,28.06,429700
OMAB,21-Nov-2014,38.7,39.62,38.26,39.09,13400
OMCL,21-Nov-2014,32.15,32.15,31.5,31.55,117500
OMER,21-Nov-2014,20.99,21.17,20.01,20.12,426900
OMEX,21-Nov-2014,13.44,14.76,13.44,13.8,347100
ONB,21-Nov-2014,14.81,14.81,14.4,14.49,504600
ONCY,21-Nov-2014,0.66,0.7,0.66,0.69,268500
ONEQ,21-Nov-2014,187.44,187.44,184.89,185.47,43000
ONTX,21-Nov-2014,733.5,738,708,721.5,20800
OPHC,21-Nov-2014,10.7,11.6,10.7,11.6,7100
OPOF,21-Nov-2014,15.16,15.16,15.16,15.16,200
ORLY,21-Nov-2014,181.05,181.05,178.72,179.04,457400
ORMP,21-Nov-2014,6.56,6.77,6.3,6.41,33500
ORRF,21-Nov-2014,16.71,16.87,16.71,16.86,2600
OSBC,21-Nov-2014,4.73,4.74,4.7,4.74,16500
OSIS,21-Nov-2014,70.29,70.35,69.29,69.53,127500
OSTK,21-Nov-2014,25.01,25.66,24.7,24.97,241400
OSUR,21-Nov-2014,8.9,8.9,8.61,8.81,401200
OTEX,21-Nov-2014,29.18,29.23,28.66,28.765,259700
OTIC,21-Nov-2014,22.73,23.87,22.22,23.34,69700
OTTR,21-Nov-2014,29.83,29.83,29,29.2,63300
OVBC,21-Nov-2014,24.15,24.24,24.15,24.21,1900
OVLY,21-Nov-2014,10.1,10.1,10.1,10.1,900
OXBR,21-Nov-2014,6.98,6.98,6.75,6.97,6700
OXBRW,21-Nov-2014,2.29,2.3,1.95,1.95,13800
OXLC,21-Nov-2014,16.35,16.5,16.32,16.39,62900
OXLCO,21-Nov-2014,24.28,24.28,24.2,24.2,1200
OXLCP,21-Nov-2014,25.3,25.33,25.14,25.25,42100
PAAS,21-Nov-2014,10.8,10.92,10.4,10.5,3224200
PACB,21-Nov-2014,7,7.01,6.81,6.85,454400
PACW,21-Nov-2014,46.14,46.24,45.59,45.64,493800
PAHC,21-Nov-2014,31.11,32.15,30.36,30.59,265800
PANL,21-Nov-2014,4.83,5,4.83,4.92,4600
PATK,21-Nov-2014,19.9111,20.1733,19.1645,19.4178,54900
PAYX,21-Nov-2014,47.59,47.6,47.22,47.32,2772000
PBCT,21-Nov-2014,14.93,14.96,14.71,14.79,3528400
PBHC,21-Nov-2014,9.66,9.68,9.66,9.68,12200
PBIP,21-Nov-2014,12.19,12.2,12.15,12.15,14800
PBPB,21-Nov-2014,13.15,13.25,12.83,12.9,351500
PCAR,21-Nov-2014,67.43,67.62,66.83,66.98,2377300
PCH,21-Nov-2014,41.89,41.89,41.54,41.69,218700
PCOM,21-Nov-2014,13.7,13.85,13.7,13.73,13200
PCRX,21-Nov-2014,92.87,93.59,88.4,88.73,544500
PCTI,21-Nov-2014,8.33,8.33,8.05,8.25,6100
PCTY,21-Nov-2014,28.73,30.41,28.5,30.03,269200
PCYG,21-Nov-2014,9.14,9.14,8.92,8.96,30300
PCYO,21-Nov-2014,5.43,5.53,5.36,5.45,24100
PDBC,21-Nov-2014,24.99,25,24.79,24.95,8300
PDCE,21-Nov-2014,42,42.95,41.71,42.74,844500
PDCO,21-Nov-2014,47.09,47.22,46.49,46.61,1708700
PDEX,21-Nov-2014,2.38,2.38,2.3,2.3,2800
PDFS,21-Nov-2014,13.72,13.74,13.37,13.39,120500
PEBK,21-Nov-2014,18.49,18.5,18.49,18.5,2200
PEBO,21-Nov-2014,24.7,25.28,24.41,24.55,34000
PEGA,21-Nov-2014,21.1,21.48,20.96,21.09,403500
PENN,21-Nov-2014,14.01,14.13,13.77,13.91,1223600
PERI,21-Nov-2014,16.95,17.73,16.8,16.86,104400
PESI,21-Nov-2014,4.5,4.65,4.41,4.45,62800
PETS,21-Nov-2014,13.74,13.75,13.46,13.53,118800
PFBC,21-Nov-2014,25.82,26.25,25.75,25.81,43600
PFIE,21-Nov-2014,3.42,3.5,3.36,3.46,378200
PFIN,21-Nov-2014,8.1,8.12,8.1,8.12,2100
PFIS,21-Nov-2014,47.5,48.5,47.5,47.97,4800
PFLT,21-Nov-2014,14.19,14.3,14,14.12,81000
PFMT,21-Nov-2014,7.05,7.05,6.93,6.99,208100
PFSW,21-Nov-2014,11.01,11.02,10.81,10.82,35100
PGC,21-Nov-2014,18,18,17.57,17.67,226100
PINC,21-Nov-2014,33.85,34.23,33.08,33.3,187200
PKBK,21-Nov-2014,10.2182,10.2636,10.2182,10.2273,3400
PKOH,21-Nov-2014,57.98,57.98,56.26,56.74,16000
PLAB,21-Nov-2014,9,9.01,8.72,8.73,114100
PLAY,21-Nov-2014,22.32,22.5,21.11,21.94,204100
PLBC,21-Nov-2014,8.05,8.05,8.05,8.05,200
PLCE,21-Nov-2014,53.97,55.23,53.38,54.67,900600
PLPC,21-Nov-2014,49.21,49.21,47.97,48.62,4000
PLUG,21-Nov-2014,4,4.04,3.9,3.93,3062700
PLUS,21-Nov-2014,34.66,34.85,34,34.155,52700
PLXS,21-Nov-2014,40.01,40.27,39.37,39.49,106600
PMBC,21-Nov-2014,6.98,7,6.7,6.79,16300
PMD,21-Nov-2014,15,15,14.64,14.85,5100
PME,21-Nov-2014,1.14,1.15,1.03,1.12,140600
PNBK,21-Nov-2014,17.8,18,17.8,17.8,3200
PNFP,21-Nov-2014,38.66,38.66,37.38,37.48,133200
PNNT,21-Nov-2014,10.89,10.92,10.8,10.85,299800
PNQI,21-Nov-2014,69.03,69.03,68.09,68.19,23200
PNRG,21-Nov-2014,66,66,66,66,0
PODD,21-Nov-2014,46.26,46.7,45.2,45.26,477000
POOL,21-Nov-2014,59.46,59.46,58.31,58.44,127600
POWI,21-Nov-2014,25.605,25.675,24.975,25.155,168000
POWL,21-Nov-2014,44.56,44.57,43.34,43.68,37400
PPBI,21-Nov-2014,16.38,16.39,16.05,16.05,32700
PPC,21-Nov-2014,31.95,32.19,31.12,31.45,2481600
PPSI,21-Nov-2014,9.19,9.19,9.19,9.19,0
PRAA,21-Nov-2014,57.79,58.65,57.54,58.21,536400
PRFT,21-Nov-2014,17.01,17.1,16.83,17.02,143600
PRFZ,21-Nov-2014,101.49,101.49,99.23,99.55,38400
PRGS,21-Nov-2014,26.22,26.28,25.69,25.7,278300
PRIM,21-Nov-2014,27.47,27.77,26.79,27.09,210600
PROV,21-Nov-2014,15.29,15.38,14.51,14.76,32100
PRPH,21-Nov-2014,1.42,1.45,1.38,1.38,25900
PRQR,21-Nov-2014,13.9,14.91,13.28,14.8,84900
PRTA,21-Nov-2014,22.7,22.7,21.95,22.06,140600
PRTK,21-Nov-2014,19.56,20,19.41,19.7,12000
PRTS,21-Nov-2014,2.84,2.84,2.75,2.83,26900
PSCC,21-Nov-2014,53.41,53.65,53.32,53.32,9500
PSCD,21-Nov-2014,49.44,49.48,49.11,49.31,6500
PSCE,21-Nov-2014,37.75,37.75,37.26,37.6,4900
PSCF,21-Nov-2014,40.83,40.83,40.42,40.44,8100
PSCH,21-Nov-2014,58.76,58.96,58.09,58.28,7600
PSCI,21-Nov-2014,45.53,45.53,45.04,45.09,5400
PSCM,21-Nov-2014,43.98,44.18,43.14,43.34,7100
PSCT,21-Nov-2014,48.55,48.55,47.83,47.83,18400
PSCU,21-Nov-2014,37.88,37.92,37.68,37.91,3700
PSEC,21-Nov-2014,9.7,9.71,9.59,9.6,3601300
PSMT,21-Nov-2014,95.38,95.61,93.57,94.03,80400
PSTI,21-Nov-2014,26.5,26.7,25.8,25.9,86700
PTC,21-Nov-2014,38.23,38.43,38.07,38.35,487100
PTCT,21-Nov-2014,40.17,40.25,38.97,39.77,187800
PTEN,21-Nov-2014,21.72,22.53,21.4,21.64,4800000
PTNR,21-Nov-2014,5.88,6.07,5.82,5.86,49300
PTSI,21-Nov-2014,43.8,46.17,42.59,45.22,57600
PWOD,21-Nov-2014,30.3133,30.3933,29.6733,30.1867,16700
PXLW,21-Nov-2014,4.9,4.98,4.87,4.91,239900
PZZA,21-Nov-2014,51.85,51.94,50.6,50.65,232500
QABA,21-Nov-2014,36.49,36.49,35.85,35.86,21000
QADA,21-Nov-2014,20.02,20.02,19.6,19.72,7300
QADB,21-Nov-2014,17,17,17,17,0
QAT,21-Nov-2014,26.58,26.59,26.58,26.59,200
QCLN,21-Nov-2014,18,18.33,17.9,17.96,75000
QCOM,21-Nov-2014,71.1,71.82,70.69,71.47,15146200
QCRH,21-Nov-2014,17.81,17.93,17.81,17.93,15100
QDEL,21-Nov-2014,27.93,28.58,27.07,27.83,289200
QIWI,21-Nov-2014,29.04,29.64,28.99,29.36,177500
QLYS,21-Nov-2014,34.17,34.33,33.14,33.3,165100
QNST,21-Nov-2014,4.41,4.59,4.38,4.51,474800
QQEW,21-Nov-2014,42.72,42.74,42.34,42.46,70200
QQQ,21-Nov-2014,104.59,104.69,103.54,103.87,34049100
QQQX,21-Nov-2014,20.57,20.62,20.38,20.47,61300
QQXT,21-Nov-2014,39.65,39.65,39.23,39.28,6200
QRHC,21-Nov-2014,11.92,11.92,11.44,11.52,105000
QTEC,21-Nov-2014,43.74,43.76,43.38,43.54,162400
QTNT,21-Nov-2014,13.5,14.44,13,13.13,14900
QUIK,21-Nov-2014,45.64,45.92,44.66,44.8,260300
QUMU,21-Nov-2014,14.76,14.8,14.42,14.42,5600
QURE,21-Nov-2014,11.98,12.07,11.94,12,7500
QYLD,21-Nov-2014,24.02,24.28,23.81,23.81,34100
RADA,21-Nov-2014,5.1,5.42,5,5.28,417900
RAIL,21-Nov-2014,32.47,32.75,31.43,31.72,79300
RAND,21-Nov-2014,30.69,31.5,29.79,30.42,11000
RARE,21-Nov-2014,45.51,45.51,43.85,44.09,124300
RAVN,21-Nov-2014,23.19,23.28,22.78,22.9,214300
RBCAA,21-Nov-2014,23.56,23.6,22.82,22.91,13700
RBCN,21-Nov-2014,50.3,51.5,49,51.1,578600
RCII,21-Nov-2014,32.56,33.12,32.44,32.72,602500
RCKY,21-Nov-2014,14.66,14.7,14.54,14.64,10700
RCMT,21-Nov-2014,8.2,8.2,8.01,8.05,8800
RCON,21-Nov-2014,17.4,17.75,17,17,17500
RDCM,21-Nov-2014,10.7,11.25,10.61,11.13,119500
RDHL,21-Nov-2014,9,9.48,8.5,8.66,26300
RDI,21-Nov-2014,12.12,12.12,11.81,11.92,46700
RDIB,21-Nov-2014,12.36,12.36,12.36,12.36,0
RDNT,21-Nov-2014,8.11,8.32,7.91,8.01,375800
RDUS,21-Nov-2014,23.06,23.6,21.71,22.22,237600
RDVY,21-Nov-2014,22.19,22.19,22.07,22.08,2600
RDWR,21-Nov-2014,20.95,20.95,20.11,20.15,277300
REFR,21-Nov-2014,4.89,4.94,4.81,4.87,41000
REGI,21-Nov-2014,10.97,10.97,10.26,10.6,937000
REGN,21-Nov-2014,415.3,416,403.29,405.25,890600
RELL,21-Nov-2014,10.12,10.19,9.93,10.02,17800
RENT,21-Nov-2014,82.99,82.99,80.13,80.43,198000
REPH,21-Nov-2014,2.71,2.71,2.68,2.68,2800
RESN,21-Nov-2014,8.58,9,8.2,8.88,100400
RFIL,21-Nov-2014,4.45,4.45,4.41,4.44,10200
RGCO,21-Nov-2014,14.2,14.6,14.1667,14.52,2700
RGEN,21-Nov-2014,23.25,23.57,22.77,22.89,222100
RGLD,21-Nov-2014,72.26,72.81,69.57,70.46,781200
RGLS,21-Nov-2014,191.28,195.24,186,194.76,683100
RIBT,21-Nov-2014,4.25,4.34,4.11,4.22,37300
RICK,21-Nov-2014,10.03,10.09,9.66,9.7,137800
RIGL,21-Nov-2014,2.08,2.1,1.98,2.07,353200
RMBS,21-Nov-2014,11.72,11.78,11.41,11.56,408000
RMCF,21-Nov-2014,12.6,12.68,12.56,12.67,3200
RMTI,21-Nov-2014,9.02,9.15,8.88,9.01,917100
RNA,21-Nov-2014,11.69,11.91,11.4,11.44,107700
RNST,21-Nov-2014,29.34,29.34,28.58,28.67,47000
RNWK,21-Nov-2014,6.9,6.97,6.75,6.93,82100
ROCK,21-Nov-2014,14.95,15.28,14.57,14.62,86200
ROIC,21-Nov-2014,16.37,16.51,16.18,16.2,265500
ROLL,21-Nov-2014,63.63,64.52,62.98,63.58,192000
ROST,21-Nov-2014,44.645,44.78,43.835,44.65,6297100
RPRX,21-Nov-2014,9.14,9.18,8.77,8.79,699500
RRGB,21-Nov-2014,67.77,67.77,66.34,66.49,132700
RUSHA,21-Nov-2014,23.9867,24.3067,23.7667,23.8533,162100
RUSHB,21-Nov-2014,20.6,20.9467,20.5533,20.56,22600
RUTH,21-Nov-2014,13.05,13.05,12.8,12.83,180000
RVNC,21-Nov-2014,16.41,16.59,16.05,16.46,99500
RVSB,21-Nov-2014,4.12,4.14,4.07,4.14,60000
RWLK,21-Nov-2014,681.5,697,670,684.25,186000
RXDX,21-Nov-2014,6.44,6.5,6.4,6.48,7700
RYAAY,21-Nov-2014,61.67,61.94,61.4,61.73,354000
SABR,21-Nov-2014,18.62,18.66,18.44,18.56,444400
SAFM,21-Nov-2014,89.6,89.71,85.62,85.76,511400
SAFT,21-Nov-2014,61.43,61.43,60.36,60.49,29300
SAGE,21-Nov-2014,37.77,37.83,36.12,37.28,57800
SAIA,21-Nov-2014,54.25,54.51,53.43,53.57,180600
SAL,21-Nov-2014,28.4,28.4,28.39,28.39,400
SALM,21-Nov-2014,8.15,8.15,7.64,7.75,42700
SAMG,21-Nov-2014,14.9,14.93,14.29,14.41,16000
SANM,21-Nov-2014,24.7,25.12,24.58,24.65,585000
SANW,21-Nov-2014,3.61,3.81,3.61,3.7,59600
SASR,21-Nov-2014,24.58,24.72,23.91,24.08,39100
SATS,21-Nov-2014,42.6563,42.9731,42.2906,42.7538,248400
SBAC,21-Nov-2014,117.3,117.6,115.88,117.37,740200
SBCF,21-Nov-2014,13.13,13.19,12.8,12.82,114900
SBFG,21-Nov-2014,9.29,9.7,9.29,9.58,11300
SBGI,21-Nov-2014,28,28.64,27.69,28.5,1015500
SBLK,21-Nov-2014,43,43,40,40.8,416900
SBNY,21-Nov-2014,123.55,123.98,119.84,120.31,271000
SBRA,21-Nov-2014,28.03,28.1,27.84,27.94,424700
SBSI,21-Nov-2014,33.12,33.18,32.18,32.2,50700
SBUX,21-Nov-2014,39.565,39.96,39.385,39.88,7013800
SCHL,21-Nov-2014,35.74,35.74,34.93,35.13,59200
SCHN,21-Nov-2014,23.79,24.14,23.52,23.67,177500
SCOR,21-Nov-2014,43.72,43.91,42.38,42.49,153100
SCSC,21-Nov-2014,38.71,38.84,38.07,38.35,88700
SCVL,21-Nov-2014,19.58,19.58,19.13,19.22,36800
SCYX,21-Nov-2014,99,101,94.5,100,17900
SEAC,21-Nov-2014,6.81,6.81,6.57,6.6,86600
SEED,21-Nov-2014,16.2,17,16.2,16.2,22000
SEIC,21-Nov-2014,39.13,39.21,38.95,38.95,498800
SENEA,21-Nov-2014,26.93,27.34,26.79,26.79,16400
SENEB,21-Nov-2014,30.5,30.5,30.5,30.5,0
SFBC,21-Nov-2014,18.75,18.75,18.75,18.75,0
SFM,21-Nov-2014,31.74,32.21,31.5,32.05,1727700
SFNC,21-Nov-2014,20.45,20.45,20.105,20.2,39900
SFST,21-Nov-2014,16.21,16.25,16.16,16.16,1100
SGC,21-Nov-2014,24.17,24.17,23.77,23.8,3400
SGEN,21-Nov-2014,37.13,37.8,36.42,36.85,1037400
SGMA,21-Nov-2014,7.35,7.41,7.32,7.36,9300
SGMO,21-Nov-2014,11.75,12,11.59,11.67,525100
SGMS,21-Nov-2014,13.46,14.1,13.42,13.75,2167100
SGOC,21-Nov-2014,6.04,6.28,5.96,6.04,94800
SGRP,21-Nov-2014,1.67,1.67,1.57,1.6,16400
SHBI,21-Nov-2014,9.39,9.44,9.35,9.42,4100
SHEN,21-Nov-2014,15.48,15.48,14.985,15.175,62300
SHIP,21-Nov-2014,1560,1572,1536,1560,2400
SHOO,21-Nov-2014,22.5667,22.5667,21.9867,22.16,444000
SHY,21-Nov-2014,84.71,84.72,84.69,84.7,1048700
SIEB,21-Nov-2014,2.4,2.4,2.3,2.3,4100
SIEN,21-Nov-2014,17.4,17.87,17.14,17.64,133700
SIFY,21-Nov-2014,1.59,1.59,1.51,1.57,260600
SIGA,21-Nov-2014,1.64,1.74,1.64,1.66,57900
SIGI,21-Nov-2014,26.83,26.85,26.33,26.47,124400
SILC,21-Nov-2014,34.9,36,34.7,35.32,44200
SIMO,21-Nov-2014,23.88,24.18,23.46,23.6,403400
SINO,21-Nov-2014,9.45,10.35,9.35,9.75,303700
SIRI,21-Nov-2014,3.56,3.58,3.53,3.54,18787200
SIVB,21-Nov-2014,110.75,111.05,107.68,108.08,249600
SKOR,21-Nov-2014,50.16,50.19,50.16,50.19,1600
SKYW,21-Nov-2014,12,12,11.56,11.61,356300
SKYY,21-Nov-2014,28.17,28.4,28,28.06,46100
SLAB,21-Nov-2014,45.88,45.88,44.96,45.14,216500
SLCT,21-Nov-2014,6.95,7,6.75,6.99,13400
SLGN,21-Nov-2014,25.015,25.015,24.53,24.785,149700
SLM,21-Nov-2014,9.69,9.79,9.55,9.59,2824800
SLMBP,21-Nov-2014,70,70,69.75,69.75,200
SLP,21-Nov-2014,6.38,6.38,6.25,6.25,3500
SLRC,21-Nov-2014,18.63,18.69,18.45,18.47,110600
SLVO,21-Nov-2014,11.87,11.88,11.74,11.8,29300
SMBC,21-Nov-2014,19,19,19,19,0
SMCI,21-Nov-2014,34.1,34.6,33.7,33.75,316500
SMED,21-Nov-2014,4.32,4.37,4.28,4.32,43500
SMIT,21-Nov-2014,2.96,3.1,2.96,3.04,4600
SMLR,21-Nov-2014,2.85,2.85,2.57,2.57,2000
SMMF,21-Nov-2014,11.75,11.75,11.01,11.36,44200
SMPL,21-Nov-2014,16.69,16.69,16.23,16.45,278300
SMSI,21-Nov-2014,3.52,3.96,3.52,3.84,205000
SMTC,21-Nov-2014,24.86,24.99,24.37,24.85,1123400
SNCR,21-Nov-2014,43.94,44.58,42.4,42.88,791800
SNFCA,21-Nov-2014,5.17,5.17,5.08,5.16,1600
SNPS,21-Nov-2014,42.32,42.79,42.27,42.49,484500
SOCL,21-Nov-2014,19.2,19.38,19.06,19.1,134400
SOHO,21-Nov-2014,7.81,7.81,7.6,7.66,15300
SOHU,21-Nov-2014,48.8,49.5,48.5,49.02,175000
SOXX,21-Nov-2014,90.4,90.63,89.65,90.36,363800
SP,21-Nov-2014,21.7,21.7,21.17,21.29,43800
SPCB,21-Nov-2014,11.43,11.45,11.21,11.25,154500
SPLK,21-Nov-2014,71,72.25,66.75,66.93,6509400
SPNS,21-Nov-2014,7.67,7.67,7.54,7.56,29100
SPOK,21-Nov-2014,16.45,16.65,16.09,16.17,48000
SPPI,21-Nov-2014,7.4,7.44,7.21,7.25,373700
SPRO,21-Nov-2014,1.49,1.51,1.49,1.49,700
SPSC,21-Nov-2014,58.6,59.69,57.73,57.92,41400
SPTN,21-Nov-2014,23.49,23.5,23.13,23.25,107400
SPWH,21-Nov-2014,7.17,7.24,6.91,7.02,122100
SPWR,21-Nov-2014,29.72,29.88,29.05,29.41,1775800
SQQQ,21-Nov-2014,2356.8,2428.8,2349.6,2405.6,3595100
SRCE,21-Nov-2014,31.75,31.82,30.66,30.72,20200
SRCL,21-Nov-2014,128.24,128.24,126.11,126.98,578400
SRDX,21-Nov-2014,21.59,21.65,21.23,21.29,58100
SREV,21-Nov-2014,4.11,4.27,4.04,4.06,478600
SRNE,21-Nov-2014,3.85,3.95,3.81,3.89,48100
SRPT,21-Nov-2014,16,16.23,15.66,15.73,945000
SSB,21-Nov-2014,62.53,62.53,61.5,62,108700
SSBI,21-Nov-2014,13.93,13.95,13.93,13.94,2500
SSNC,21-Nov-2014,50.99,51.39,50.22,50.68,312600
SSYS,21-Nov-2014,103.3,103.5,101.72,102.42,813900
STAA,21-Nov-2014,8.76,9.27,8.67,9.15,269900
STBA,21-Nov-2014,27.88,28.01,27.35,27.42,63400
STFC,21-Nov-2014,20.51,20.54,20,20.04,38300
STKL,21-Nov-2014,12.43,12.53,12.07,12.13,142400
STLD,21-Nov-2014,23.03,23.25,22.8,22.97,2774800
STRA,21-Nov-2014,76.94,77.92,75.48,75.69,116900
STRL,21-Nov-2014,6.78,6.78,6.28,6.6,124500
STRM,21-Nov-2014,4.17,4.17,4,4,24500
STRN,21-Nov-2014,5.1,5.12,5.09,5.12,10500
STRS,21-Nov-2014,13.9,14,13.68,14,10500
STRT,21-Nov-2014,110,110,106.34,107.37,21800
STX,21-Nov-2014,66.48,66.52,64.74,64.94,4190700
SUMR,21-Nov-2014,24.75,25.38,24.57,25.2,50800
SUNS,21-Nov-2014,15.26,15.59,15.12,15.25,37900
SUPN,21-Nov-2014,9.1,9.1,8.85,8.88,431100
SURG,21-Nov-2014,3.59,3.65,3.48,3.53,65400
SVBI,21-Nov-2014,4.55,4.62,4.55,4.62,3800
SVVC,21-Nov-2014,22.45,22.54,22.35,22.36,39200
SWIR,21-Nov-2014,38.69,38.85,36.32,36.62,919100
SWKS,21-Nov-2014,65.14,65.35,64.05,64.36,3148000
SYBT,21-Nov-2014,21.3267,21.3267,20.8333,20.9,22800
SYNA,21-Nov-2014,62.14,62.19,59.45,60.85,1530300
SYNL,21-Nov-2014,15.79,16.05,15.64,15.83,8100
SYPR,21-Nov-2014,2.71,2.71,2.6,2.66,32700
TACT,21-Nov-2014,5.51,5.58,5.4,5.49,24200
TAIT,21-Nov-2014,1.01,1.02,1,1.02,1200
TAST,21-Nov-2014,7.76,7.78,7.47,7.48,90400
TATT,21-Nov-2014,6.72,6.78,6.68,6.68,3600
TAYD,21-Nov-2014,9.55,9.72,9.52,9.55,9000
TBBK,21-Nov-2014,9.5,9.58,9.1,9.13,380900
TBK,21-Nov-2014,12.94,13.65,12.72,13.57,46300
TBNK,21-Nov-2014,20.8,20.97,20.67,20.75,15400
TBPH,21-Nov-2014,16.23,16.55,15.83,15.9,130700
TCBI,21-Nov-2014,58.32,58.4,56.79,57.16,948700
TCBK,21-Nov-2014,25.71,25.71,25.07,25.18,33800
TCFC,21-Nov-2014,20.67,20.67,20.67,20.67,0
TCPC,21-Nov-2014,16.87,16.93,16.75,16.75,4412400
TCX,21-Nov-2014,17.47,17.47,17.22,17.34,63400
TDIV,21-Nov-2014,28.15,28.22,27.88,28.01,105000
TECH,21-Nov-2014,89.75,90.76,89.75,90.26,122400
TEDU,21-Nov-2014,12.87,13.16,12.56,12.61,244300
TENX,21-Nov-2014,77.4,82,76.6,80.2,228800
TESS,21-Nov-2014,29.5,29.72,28.97,29.16,14800
TFSL,21-Nov-2014,15.25,15.3,15.15,15.15,238700
TGA,21-Nov-2014,3.9,4.07,3.89,4.03,179000
TGLS,21-Nov-2014,10.26,10.28,10.26,10.28,400
TGTX,21-Nov-2014,14.56,15,14.24,14.77,299300
THFF,21-Nov-2014,34.03,34.36,33.69,33.85,23600
THRM,21-Nov-2014,41.19,41.25,39.72,39.77,320400
THRX,21-Nov-2014,14.3,14.48,13.68,13.97,663500
TIGR,21-Nov-2014,0.87,0.91,0.82,0.9,43200
TILE,21-Nov-2014,15.79,15.94,15.61,15.7,256100
TIPT,21-Nov-2014,7.43,7.55,7.36,7.51,4100
TITN,21-Nov-2014,14.46,14.67,14.17,14.29,65000
TLT,21-Nov-2014,119.57,120.16,119.52,120.1,3640100
TNDM,21-Nov-2014,14.5,15.43,14.17,14.23,97800
TNXP,21-Nov-2014,7140,7250,7020,7100,38400
TOPS,21-Nov-2014,1600000,1660000,1550000,1590000,37300
TOUR,21-Nov-2014,14.76,14.96,14.26,14.52,264700
TOWN,21-Nov-2014,14.63,14.76,14.42,14.51,44300
TQQQ,21-Nov-2014,16.84,16.8867,16.3467,16.53,3186400
TREE,21-Nov-2014,44.99,45,44.2,44.5,136800
TRIB,21-Nov-2014,17,17.25,16.86,16.87,71200
TRIP,21-Nov-2014,72.51,72.51,71.11,71.31,1867800
TRMB,21-Nov-2014,28.59,28.77,28.28,28.42,1599900
TRMK,21-Nov-2014,24.51,24.77,23.92,23.94,337000
TRNS,21-Nov-2014,9.77,9.97,9.69,9.97,2200
TROW,21-Nov-2014,83,83.17,82.48,82.85,1157000
TRS,21-Nov-2014,32.35,32.5,31.49,31.68,293900
TRST,21-Nov-2014,7.11,7.11,6.9,6.9,175400
TRUE,21-Nov-2014,18.37,18.5,17.5,17.96,1687100
TRVN,21-Nov-2014,5.23,5.5,5.2,5.46,16600
TSBK,21-Nov-2014,10.58,10.65,10.56,10.56,1400
TSC,21-Nov-2014,10.07,10.07,9.92,9.95,71700
TSCO,21-Nov-2014,76.25,76.47,75.34,75.68,645100
TSEM,21-Nov-2014,11.97,12.18,11.82,11.95,2363700
TSLA,21-Nov-2014,50.442,50.556,48.434,48.556,7485000
TSRI,21-Nov-2014,3.42,3.43,3.42,3.43,300
TTEC,21-Nov-2014,24.36,24.4,23.72,23.76,66800
TTEK,21-Nov-2014,27.74,27.74,27.15,27.26,315800
TTGT,21-Nov-2014,10.59,10.59,10.18,10.24,105900
TTMI,21-Nov-2014,6.95,6.95,6.75,6.77,231800
TTOO,21-Nov-2014,15.57,16.75,15.19,16.59,45900
TTWO,21-Nov-2014,27.42,27.46,26.69,26.89,1181600
TW,21-Nov-2014,113.86,113.92,112.35,112.69,248300
TWIN,21-Nov-2014,23,23.46,22.5,22.68,74900
TWOU,21-Nov-2014,17.86,17.86,17.31,17.66,72700
TXN,21-Nov-2014,52.64,52.98,52.04,52.56,5287300
TXRH,21-Nov-2014,31.75,31.81,31.31,31.36,1019900
TZOO,21-Nov-2014,12.59,12.75,12.43,12.58,55500
UAE,21-Nov-2014,22.76,22.99,22.76,22.99,6900
UBCP,21-Nov-2014,8.15,8.15,8.15,8.15,300
UBFO,21-Nov-2014,5.6,5.6,5.4,5.44,5000
UBOH,21-Nov-2014,14.6,14.95,14.51,14.74,34600
UBSI,21-Nov-2014,35.71,35.71,34.75,34.84,173700
UCBI,21-Nov-2014,18.31,18.47,17.76,17.8,157900
UCTT,21-Nov-2014,8.38,8.59,8.31,8.49,186700
UEIC,21-Nov-2014,61.22,61.22,59.8,59.86,116000
UEPS,21-Nov-2014,12.6,12.84,12.52,12.75,299300
UFCS,21-Nov-2014,28.85,28.85,27.84,28.35,48300
UFPI,21-Nov-2014,50.4,50.4,48.87,49.11,43700
UFPT,21-Nov-2014,21.93,22.08,21.71,21.72,9100
UG,21-Nov-2014,20.63,20.63,19.82,20.02,5900
UHAL,21-Nov-2014,277.51,281.69,275.15,277.42,33100
UIHC,21-Nov-2014,19.01,19.06,18.06,18.19,162400
ULBI,21-Nov-2014,3.03,3.13,2.83,2.88,12100
ULTA,21-Nov-2014,128.14,128.62,127.03,127.38,741000
UMBF,21-Nov-2014,58.03,58.1,56.62,56.88,102000
UMPQ,21-Nov-2014,17.34,17.41,16.99,17.11,1695800
UNAM,21-Nov-2014,11.35,11.9,11.35,11.89,2100
UNB,21-Nov-2014,24.41,24.41,24.41,24.41,0
UNTY,21-Nov-2014,9.05,9.15,9.05,9.15,1200
UPLD,21-Nov-2014,10.9,11.19,10.7,11.03,151400
URBN,21-Nov-2014,31.74,32.03,30.88,31.48,4062100
USAK,21-Nov-2014,18.51,18.88,18.1,18.81,31300
USAP,21-Nov-2014,26.65,27.25,25.96,26.84,14700
USEG,21-Nov-2014,116.4,118.8,115.8,117,170100
USLM,21-Nov-2014,73.27,73.27,70.68,71.63,3900
UTHR,21-Nov-2014,130.85,131.86,129.11,129.47,619500
UTMD,21-Nov-2014,58.68,59.01,57.57,57.57,3200
UTSI,21-Nov-2014,2.59,2.67,2.57,2.66,50100
UVSP,21-Nov-2014,20.2,20.29,19.64,19.65,17000
VALU,21-Nov-2014,15.8,15.8,15.05,15.31,1900
VBFC,21-Nov-2014,21.55,23,21.55,23,300
VBIV,21-Nov-2014,2.3,2.43,2.28,2.31,4200
VBLT,21-Nov-2014,6.75,6.75,6.15,6.15,17700
VBTX,21-Nov-2014,15.6,16.16,14.52,15.43,49300
VCIT,21-Nov-2014,86.03,86.24,86,86.21,369800
VCLT,21-Nov-2014,90.15,90.35,89.87,90.31,58300
VCSH,21-Nov-2014,79.99,80.06,79.95,80.02,614100
VCYT,21-Nov-2014,6.7,6.75,6.5,6.6,66300
VECO,21-Nov-2014,36.68,36.68,35.71,35.8,248100
VGIT,21-Nov-2014,64.35,64.4,64.3,64.4,37600
VGLT,21-Nov-2014,74.25,74.56,74.19,74.47,19000
VGSH,21-Nov-2014,61.05,61.06,61.02,61.06,104900
VIA,21-Nov-2014,75.18,75.18,73.5,73.76,28800
VICR,21-Nov-2014,11.84,11.93,11.56,11.75,83200
VIEW,21-Nov-2014,1.57,1.59,1.55,1.56,14400
VIRC,21-Nov-2014,2.49,2.49,2.49,2.49,100
VIVO,21-Nov-2014,16.34,16.34,15.8,15.94,743000
VLGEA,21-Nov-2014,25.57,25.75,24.85,25.05,10900
VMBS,21-Nov-2014,53.06,53.09,53.02,53.05,185600
VNDA,21-Nov-2014,12.22,12.65,12.05,12.58,697400
VNET,21-Nov-2014,20.47,20.75,19.24,19.51,1171100
VNOM,21-Nov-2014,19.56,19.99,19.49,19.9,95100
VNQI,21-Nov-2014,56.13,56.41,55.91,56.19,154800
VOD,21-Nov-2014,35.85,35.85,35.35,35.67,4135200
VONE,21-Nov-2014,95.75,95.75,94.85,95.09,21800
VONG,21-Nov-2014,99.39,99.39,98.55,98.72,16400
VONV,21-Nov-2014,92,92.01,91.49,91.66,7200
VOXX,21-Nov-2014,8.42,8.47,8.23,8.33,124000
VRA,21-Nov-2014,22.27,23.14,22.12,22.69,339600
VRNS,21-Nov-2014,23.59,24.3,23.11,24.01,173300
VRNT,21-Nov-2014,59.89,60.25,58.7,58.75,382500
VRSK,21-Nov-2014,62.99,63.24,62.15,62.3,445500
VRSN,21-Nov-2014,60.35,60.35,59.81,59.9,980800
VRTS,21-Nov-2014,157,157.5,153.75,154.36,127100
VRTX,21-Nov-2014,114.43,114.43,110.62,111.4,1300100
VSAT,21-Nov-2014,66.67,66.9,65.7,66.14,323600
VSEC,21-Nov-2014,28.175,28.475,27.8,27.8,3600
VSTM,21-Nov-2014,9.07,9.09,8.79,8.93,333200
VTHR,21-Nov-2014,95.42,95.42,94.95,95.06,4800
VTIP,21-Nov-2014,49.41,49.43,49.38,49.41,116400
VTNR,21-Nov-2014,4.08,4.15,3.9,4.01,505600
VTWG,21-Nov-2014,101.25,101.52,100.23,100.71,8700
VTWO,21-Nov-2014,94.94,95.05,93.55,93.89,69100
VTWV,21-Nov-2014,88.98,88.98,87.53,87.53,5700
VWOB,21-Nov-2014,79.24,79.27,78.84,78.91,26300
VXUS,21-Nov-2014,51.07,51.1,50.78,50.95,250800
WABC,21-Nov-2014,50,50,48.67,49.02,142500
WAFD,21-Nov-2014,22.16,22.16,21.68,21.76,324800
WASH,21-Nov-2014,37.54,37.54,36.65,36.82,17300
WATT,21-Nov-2014,9.7,9.71,9.25,9.71,24000
WB,21-Nov-2014,18.36,18.44,18.1,18.34,400800
WDAY,21-Nov-2014,93.01,93.23,91.73,93,898500
WDC,21-Nov-2014,102.62,103.48,100.83,101.7,2608300
WDFC,21-Nov-2014,76.55,76.9,75.15,75.75,38700
WEN,21-Nov-2014,8.62,8.64,8.53,8.55,2721500
WERN,21-Nov-2014,29.03,29.39,28.7,29.08,539300
WETF,21-Nov-2014,15.55,15.95,15.49,15.55,1508100
WEYS,21-Nov-2014,28.14,28.14,27.36,28.05,18600
WHF,21-Nov-2014,12.46,12.74,12.33,12.46,30600
WHLM,21-Nov-2014,5.8,5.8,5.7,5.7,2000
WHLR,21-Nov-2014,34.4,34.88,34.08,34.32,21000
WHLRP,21-Nov-2014,23.1,23.2,22.84,23,4700
WILC,21-Nov-2014,6.51,6.74,6.51,6.52,5500
WINA,21-Nov-2014,81.62,81.99,80.8,80.98,20100
WIRE,21-Nov-2014,38.42,38.63,37.66,37.7,63300
WIX,21-Nov-2014,20.75,21.78,20.6,21.45,225800
WLDN,21-Nov-2014,17.54,17.74,16.96,17,82300
WLFC,21-Nov-2014,21.93,21.97,21.65,21.85,7300
WOOD,21-Nov-2014,51.97,52.07,51.78,51.78,6800
WOOF,21-Nov-2014,46.5,46.63,46.04,46.19,306700
WPRT,21-Nov-2014,5.79,5.85,5.67,5.7,1106400
WRLD,21-Nov-2014,77.72,78.01,76.41,76.9,98200
WSBC,21-Nov-2014,34.32,34.33,33.26,33.35,56200
WSBF,21-Nov-2014,12.47,12.47,12.17,12.25,92200
WSFS,21-Nov-2014,25.8467,26.0133,25.3567,25.46,44300
WSTG,21-Nov-2014,17.24,17.54,17.1,17.41,8200
WTBA,21-Nov-2014,16,16,15.88,15.9,18100
WTFC,21-Nov-2014,45.81,45.81,44.72,44.79,90100
WVFC,21-Nov-2014,10.95,10.95,10.95,10.95,0
WVVI,21-Nov-2014,5.8,5.8,5.67,5.73,4400
WWD,21-Nov-2014,52.27,52.33,51.69,51.82,227200
WYNN,21-Nov-2014,182,182.45,179.07,179.64,2017200
XENE,21-Nov-2014,13.3,13.7,12.55,12.65,45400
XENT,21-Nov-2014,17.84,18.18,17.1,17.37,57000
XLNX,21-Nov-2014,44.8,44.85,44.29,44.78,2699400
XLRN,21-Nov-2014,34.02,35.47,33.65,34.83,176000
XNCR,21-Nov-2014,10.65,10.73,10.26,10.59,18800
XNET,21-Nov-2014,9.99,10.6,9.57,9.72,203800
XOMA,21-Nov-2014,93.6,94.6,90,91.8,2030500
XONE,21-Nov-2014,21.14,21.7,20.7,21.15,283000
XRAY,21-Nov-2014,54.06,54.15,53.08,53.9,998200
XTLB,21-Nov-2014,10.9,12.1,10.85,11.05,16400
YNDX,21-Nov-2014,26.47,26.99,26.3,26.67,1736900
YORW,21-Nov-2014,20.91,20.91,20.32,20.37,21100
YY,21-Nov-2014,76.11,76.82,73.97,74.39,1183700
Z,21-Nov-2014,117.74,117.83,114.5,115.02,1453700
ZBRA,21-Nov-2014,73.94,74.5,72.29,72.55,581400
ZEUS,21-Nov-2014,17.91,18.31,17.72,17.87,38800
ZGNX,21-Nov-2014,9.76,9.76,9.36,9.44,2425800
ZION,21-Nov-2014,29.32,29.46,29.08,29.18,2998000
ZIOP,21-Nov-2014,3.82,3.88,3.65,3.86,697100
ZIXI,21-Nov-2014,3.36,3.36,3.25,3.28,131200
ZNGA,21-Nov-2014,2.72,2.73,2.68,2.69,8813200
ZUMZ,21-Nov-2014,36.09,36.9,35.62,35.69,273600
