Symbol,Date,Open,High,Low,Close,Volume
AAME,23-Oct-2007,2.53,2.54,2.34,2.44,4500
AAON,23-Oct-2007,5.0193,5.1022,4.96,5.04,146800
AAPL,23-Oct-2007,6.7343,6.7357,6.5272,6.6486,64112900
AAWW,23-Oct-2007,57.22,57.55,56.87,57.4,170200
ABCB,23-Oct-2007,17.46,17.54,16.64,17.28,46600
ABMD,23-Oct-2007,13.16,13.25,12.79,13.02,106500
ACAD,23-Oct-2007,15.44,15.44,15,15.14,134200
ACBA,23-Oct-2007,12.3,12.58,12.3,12.58,1500
ACET,23-Oct-2007,8.9,9.05,8.79,9.03,37100
ACGL,23-Oct-2007,8.0989,8.2656,8.0322,8.0889,222600
ACIW,23-Oct-2007,7.3333,7.3833,7.1667,7.3567,1732400
ACLS,23-Oct-2007,19.2,19.32,18.8,19,730300
ACMR,23-Oct-2007,15.95,16.33,15.51,16.33,215800
ACOR,23-Oct-2007,20.44,20.56,19.83,20.5,140500
ACTG,23-Oct-2007,16.08,16.08,15.63,15.98,65800
ADBE,23-Oct-2007,47.26,47.81,47,47.75,5460200
ADES,23-Oct-2007,5.585,5.815,5.565,5.725,3300
ADI,23-Oct-2007,34.41,34.62,33.43,34.05,4361200
ADP,23-Oct-2007,41.7032,41.7032,40.9833,41.5451,1784300
ADPT,23-Oct-2007,3.6,3.6,3.46,3.57,594800
ADRE,23-Oct-2007,56.06,56.97,55.79,56.79,394000
ADSK,23-Oct-2007,46.73,47.25,46.46,47.22,1963800
ADTN,23-Oct-2007,23.88,24.02,23.42,23.7,654200
AEHR,23-Oct-2007,7.29,7.5,7.21,7.4,9300
AEIS,23-Oct-2007,16.24,16.67,16.01,16.3,404500
AEY,23-Oct-2007,7.71,7.97,7.69,7.91,40300
AEZS,23-Oct-2007,1164,1206,1116,1134,53600
AGEN,23-Oct-2007,2.69,2.7,2.55,2.57,176500
AGYS,23-Oct-2007,17.3,17.4,16.82,17.05,191700
AHPI,23-Oct-2007,6.65,6.65,6.65,6.65,1200
AIMC,23-Oct-2007,15.76,16.44,15.5,16.3,93200
AINV,23-Oct-2007,63.09,63.24,61.86,62.97,741100
AIRT,23-Oct-2007,9.86,10.01,9.83,9.9,12600
AKAM,23-Oct-2007,33.09,34.55,32.9,34.4,7466800
ALCO,23-Oct-2007,47.2,48.12,47.01,47.93,7900
ALGN,23-Oct-2007,27.85,28.79,27.73,28.48,1231300
ALGT,23-Oct-2007,37.31,37.96,36.45,37.96,44000
ALKS,23-Oct-2007,16.61,16.76,16.11,16.72,695400
ALLT,23-Oct-2007,5.68,5.77,5.65,5.7,19300
ALNY,23-Oct-2007,31.71,32.18,31.03,32.08,328300
ALOT,23-Oct-2007,10.08,10.08,9.98,9.99,5000
ALTR,23-Oct-2007,22.87,23.49,22.6,23.32,6962600
ALTU,23-Oct-2007,12.92,13.3,12.85,13.28,173400
ALVR,23-Oct-2007,132.6,138.4,131.2,137.3,1170100
AMAT,23-Oct-2007,20.5,20.6,20.21,20.52,12916600
AMD,23-Oct-2007,13.81,13.85,13.52,13.73,14955400
AMED,23-Oct-2007,38.28,38.28,37.2,37.38,304800
AMGN,23-Oct-2007,56.17,57.99,55.57,57.7,18268100
AMKR,23-Oct-2007,11.05,11.18,10.75,11.13,2126800
AMNB,23-Oct-2007,22.66,22.66,22.66,22.66,1000
AMOT,23-Oct-2007,4.71,4.73,4.4,4.55,8200
AMPH,23-Oct-2007,19.06,19.16,18.75,19.16,12000
AMPL,23-Oct-2007,128,129.8,124.8,127.8,21800
AMRN,23-Oct-2007,0.4,0.41,0.36,0.37,365700
AMSC,23-Oct-2007,270,277,261.8,268.4,553500
AMSF,23-Oct-2007,16.82,17.44,16.67,17.37,169500
AMSWA,23-Oct-2007,8.73,8.89,8.67,8.74,62000
AMWD,23-Oct-2007,24.4,24.49,24,24.46,66200
AMZN,23-Oct-2007,95.28,101.09,94.21,100.82,41761700
ANAT,23-Oct-2007,137.45,137.45,136.48,136.49,600
ANDE,23-Oct-2007,33.5867,34.1067,33.1333,33.88,398700
ANGN,23-Oct-2007,7.25,7.25,7,7.16,44500
ANGO,23-Oct-2007,20.71,21.01,20.44,20.98,145800
ANIK,23-Oct-2007,18.81,19.15,18.16,18.28,50600
ANSS,23-Oct-2007,39.49,41.1,38.94,40.97,624900
APAC,23-Oct-2007,2.3,2.38,2.3,2.33,10300
APOG,23-Oct-2007,25.84,25.84,24.34,24.44,450500
APTM,23-Oct-2007,6.17,6.21,6.17,6.2,14300
ARAY,23-Oct-2007,18,18.09,16.87,17.78,797300
ARCC,23-Oct-2007,17.01,17.01,16.4,16.77,338800
ARKR,23-Oct-2007,36.24,36.25,36.04,36.25,3500
ARLP,23-Oct-2007,18.16,18.415,18.095,18.175,26500
ARNA,23-Oct-2007,101,103.8,99.9,100.5,891700
AROW,23-Oct-2007,21.19,21.74,21.19,21.74,6000
ARRY,23-Oct-2007,11.68,11.82,11.09,11.32,445300
ARTL,23-Oct-2007,15.9,15.9,14.87,15.75,6100
ARTNA,23-Oct-2007,19.23,19.23,18.61,19,3700
ARTW,23-Oct-2007,21.84,22.91,21.41,21.46,17000
ARWR,23-Oct-2007,4.91,4.92,4.75,4.85,105300
ASML,23-Oct-2007,32.86,32.86,32.86,32.86,0
ASRV,23-Oct-2007,3.01,3.15,3.01,3.1,61200
ASTE,23-Oct-2007,44.6,45.15,43.23,44.39,606400
ASUR,23-Oct-2007,0.84,0.9267,0.84,0.9267,336100
ASYS,23-Oct-2007,15.01,16.34,14.93,16.26,332700
ATEC,23-Oct-2007,51.72,53.76,49.68,51.24,93100
ATLO,23-Oct-2007,20.06,20.06,20,20,300
ATNI,23-Oct-2007,36.96,36.96,36.27,36.85,57300
ATRC,23-Oct-2007,11.17,11.66,11.02,11.41,57900
ATRI,23-Oct-2007,116.81,119.94,116.81,117.96,3000
ATRO,23-Oct-2007,32.125,33.6083,32.1,33.3083,29100
ATVI,23-Oct-2007,11.505,11.625,11.2,11.43,5178300
AUBN,23-Oct-2007,23.51,23.51,23.51,23.51,0
AUDC,23-Oct-2007,6.84,6.84,6.62,6.74,212800
AVAV,23-Oct-2007,25.08,25.17,24.32,24.99,98500
AVCT,23-Oct-2007,29.2,29.37,28.64,28.96,590500
AVID,23-Oct-2007,28.89,29.06,28.12,28.31,387000
AWRE,23-Oct-2007,4.61,4.61,4.47,4.54,21800
AXTI,23-Oct-2007,6.2,6.54,6.2,6.47,181100
AZPN,23-Oct-2007,16.35,17.32,16.33,17.29,1046700
BANF,23-Oct-2007,44,44.67,43,43.55,11600
BANFP,23-Oct-2007,25,25,25,25,0
BANR,23-Oct-2007,232.05,240.8,225.47,231.07,171300
BBBY,23-Oct-2007,32.85,33.32,32.58,33.29,2658400
BBGI,23-Oct-2007,7.78,7.78,7.57,7.58,4900
BBSI,23-Oct-2007,23.18,23.37,22.84,23.23,40300
BCBP,23-Oct-2007,14.9,15.5,14.9,15.5,1400
BCPC,23-Oct-2007,13.8867,13.8867,13.16,13.7467,69100
BCRX,23-Oct-2007,7.9,8.03,7.84,7.99,154600
BDSI,23-Oct-2007,3.3,3.3,3.2,3.24,72200
BECN,23-Oct-2007,9.57,9.57,9.39,9.46,290800
BELFA,23-Oct-2007,35.83,36.04,35.51,36.04,6800
BELFB,23-Oct-2007,33.93,34.1,32.5,33.76,32600
BFIN,23-Oct-2007,15.52,16,15.52,15.99,70000
BGFV,23-Oct-2007,17.54,18.15,16.76,17.12,220700
BIDU,23-Oct-2007,32.5,34.998,32.379,34.99,7634200
BIIB,23-Oct-2007,72.0769,73.6613,71.8467,72.7033,6371000
BJRI,23-Oct-2007,20.24,20.25,19.63,19.75,151600
BKCC,23-Oct-2007,15.04,15.04,14.76,14.93,21900
BKSC,23-Oct-2007,15.76,15.76,15.76,15.76,0
BLDP,23-Oct-2007,5.07,5.07,4.85,4.87,293900
BLKB,23-Oct-2007,26.31,26.36,25.87,26.32,180300
BLUE,23-Oct-2007,0.75,0.76,0.73,0.75,21400
BMRC,23-Oct-2007,16,16.25,16,16.23,4900
BMRN,23-Oct-2007,25.74,25.82,25.38,25.81,1520800
BMTC,23-Oct-2007,22.5,22.5,22.5,22.5,0
BNSO,23-Oct-2007,2.76,3.16,2.62,3.04,49700
BOKF,23-Oct-2007,52.89,53.18,52.08,52.33,70500
BOOM,23-Oct-2007,46.68,49.13,46.68,49.1,254300
BOSC,23-Oct-2007,9.6,9.6,9.6,9.6,0
BPOP,23-Oct-2007,106.9,108,105,107.9,2141400
BPOPM,23-Oct-2007,23.3,23.7,23.3,23.7,3900
BPOPN,23-Oct-2007,24.9,25,24.9,25,2700
BRID,23-Oct-2007,6.8,6.96,6.5,6.5,3300
BRKL,23-Oct-2007,10.34,10.61,10,10.59,873400
BRKR,23-Oct-2007,9.07,9.17,8.94,9.11,248100
BRKS,23-Oct-2007,13.27,13.34,13,13.2,637600
BRLI,23-Oct-2007,16.375,16.74,16.315,16.615,74900
BSET,23-Oct-2007,10.66,10.74,10.54,10.62,98800
BSQR,23-Oct-2007,5.83,6.12,5.66,6.03,44500
BSRR,23-Oct-2007,27.32,28,26.89,27.16,72700
BUSE,23-Oct-2007,21.71,21.71,20.34,20.54,96000
BYFC,23-Oct-2007,9.5,9.5,9.5,9.5,0
CAAS,23-Oct-2007,8.25,8.44,8.04,8.2,108200
CACC,23-Oct-2007,23.43,24.27,23.41,23.56,46300
CAKE,23-Oct-2007,23.84,23.87,23,23.3,1865300
CALM,23-Oct-2007,11.99,12.05,11.73,11.995,502100
CAMP,23-Oct-2007,3.46,3.55,3.45,3.46,41500
CAMT,23-Oct-2007,2.98,3.04,2.96,3.02,3700
CARV,23-Oct-2007,15.5,15.5,15.42,15.5,700
CASA,23-Oct-2007,7.4,7.4,7.4,7.4,0
CASH,23-Oct-2007,13.3133,13.3133,13.3133,13.3133,0
CASS,23-Oct-2007,36.58,36.84,35.63,36.03,7400
CASY,23-Oct-2007,28.27,28.27,27.31,28.22,311400
CATY,23-Oct-2007,27.66,28.01,27.04,27.92,554400
CBAN,23-Oct-2007,18.73,18.73,18.72,18.72,900
CBNK,23-Oct-2007,13.76,13.76,13.76,13.76,0
CBRL,23-Oct-2007,39.6,39.6,38.63,39.3,288600
CBSH,23-Oct-2007,45.1,45.57,45.1,45.47,81000
CCBG,23-Oct-2007,28.8,29.45,28.01,29.28,68700
CCMP,23-Oct-2007,42.99,43.17,42,42.74,289800
CCNE,23-Oct-2007,13.24,13.24,13.24,13.24,200
CCOI,23-Oct-2007,25.7,27.37,25.51,27.36,910300
CCRN,23-Oct-2007,15.44,15.48,14.86,15.46,455000
CDNS,23-Oct-2007,21.64,21.93,21.53,21.88,1657000
CDZI,23-Oct-2007,17.17,17.6,17.09,17.22,30600
CECE,23-Oct-2007,14.73,15.2,14.48,14.96,73000
CENT,23-Oct-2007,8.52,8.63,8.47,8.49,721900
CENTA,23-Oct-2007,8.86,8.86,8.67,8.75,379500
CENX,23-Oct-2007,57.35,57.71,55.97,57.24,538500
CERN,23-Oct-2007,14.5025,14.7125,14.49,14.68,785000
CERS,23-Oct-2007,8.97,9.39,8.97,9.11,258100
CEVA,23-Oct-2007,9.05,9.52,9.05,9.52,22600
CFBK,23-Oct-2007,140.25,149.875,140.25,149.875,3600
CFFI,23-Oct-2007,41.55,42.19,41.55,42.19,300
CFFN,23-Oct-2007,32.41,32.84,32.02,32.34,50100
CGEN,23-Oct-2007,2.3,2.3,2.23,2.29,18600
CGNX,23-Oct-2007,4.5825,4.5825,4.4075,4.4625,242800
CHCI,23-Oct-2007,1.61,1.64,1.5,1.52,86400
CHCO,23-Oct-2007,37.54,37.78,36.12,36.74,62300
CHDN,23-Oct-2007,17.1867,17.1867,16.6667,16.9567,19600
CHKP,23-Oct-2007,25.06,25.7,25,25.63,3067100
CHNR,23-Oct-2007,35.26,36,34.18,35.26,218300
CHRS,23-Oct-2007,7.37,7.42,7.26,7.32,1436400
CHRW,23-Oct-2007,53.01,53.48,51.67,51.84,1604200
CHSCP,23-Oct-2007,25.3,25.37,25.3,25.37,2300
CHTR,23-Oct-2007,2.71,2.71,2.61,2.66,3855500
CINF,23-Oct-2007,42.4,42.46,41.65,42.19,377600
CIZN,23-Oct-2007,19.5,19.5,19.5,19.5,0
CLAY,23-Oct-2007,7.27,7.43,7.09,7.15,56000
CLMT,23-Oct-2007,48.99,49.6,48.94,49.39,32700
CLNE,23-Oct-2007,17.88,18.8,17.86,18.48,260800
CLRO,23-Oct-2007,6.7,6.79,6.69,6.79,800
CLWT,23-Oct-2007,13.0167,13.86,12.4667,12.5033,294100
CMCO,23-Oct-2007,26.7,30.85,26.7,30.2,504900
CMCSA,23-Oct-2007,11.87,11.93,11.705,11.8,16506400
CMLS,23-Oct-2007,83.44,83.68,82.48,83.2,361400
CMTL,23-Oct-2007,52.78,53.81,52.4,52.92,398300
CNBKA,23-Oct-2007,21.95,22,21.94,22,400
CNET,23-Oct-2007,8.66,8.76,8.47,8.59,1143000
CNOB,23-Oct-2007,11.43,11.49,11.3,11.38,30200
CNSL,23-Oct-2007,20.33,20.5,19.91,20.47,92100
CNTY,23-Oct-2007,6.83,7.25,6.73,6.95,449500
COCO,23-Oct-2007,15.06,15.45,14.91,15.1,692400
COGT,23-Oct-2007,14.91,15.02,14.48,14.59,588000
COHR,23-Oct-2007,33.15,33.15,32.03,32.77,132900
COHU,23-Oct-2007,19.64,19.65,18.5,19.4,343500
COIN,23-Oct-2007,3.46,3.52,3.3,3.37,23600
COKE,23-Oct-2007,60.5,60.93,59.79,60.43,17200
COLB,23-Oct-2007,30.47,30.47,29.35,30.12,72100
COLM,23-Oct-2007,25.69,25.69,25.245,25.345,439900
COMS,23-Oct-2007,4.85,4.86,4.85,4.85,2542800
CONN,23-Oct-2007,24.86,25.04,23.09,23.5,291300
COOL,23-Oct-2007,56.7,57.54,56.28,56.7,38100
COOP,23-Oct-2007,17.25,17.6,17.11,17.49,13900
CORT,23-Oct-2007,3.59,3.65,3.55,3.57,79400
COST,23-Oct-2007,67.05,67.25,65.57,66.19,3497200
COWN,23-Oct-2007,12.26,12.37,11.81,11.89,168400
CPLP,23-Oct-2007,26.67,26.67,25.83,26.4,63200
CPRT,23-Oct-2007,9.45,9.5,9.2575,9.4375,344400
CPRX,23-Oct-2007,3.1,3.13,3.06,3.13,2100
CPSI,23-Oct-2007,26.08,26.2,25.45,25.7,111600
CPSS,23-Oct-2007,5.25,5.31,4.6,4.61,136400
CRAI,23-Oct-2007,52.11,52.19,50.45,51.62,77000
CRESY,23-Oct-2007,23.14,23.14,22.82,23,35300
CRIS,23-Oct-2007,5.5,5.6,5.35,5.45,86100
CRMT,23-Oct-2007,11.85,12.03,11.77,11.8,96400
CRNT,23-Oct-2007,19.55,19.81,17.67,18.88,3058500
CROX,23-Oct-2007,68.22,68.93,66.75,68,3195400
CRTX,23-Oct-2007,2.21,2.24,2.13,2.17,119300
CRUS,23-Oct-2007,7.35,7.45,7.14,7.41,1570200
CRVL,23-Oct-2007,12.83,12.85,12.3,12.845,52200
CRWS,23-Oct-2007,4.01,4.01,4,4,3700
CSCO,23-Oct-2007,31.35,31.58,30.09,31.54,50306300
CSGP,23-Oct-2007,59.07,59.76,57.61,59.56,74200
CSGS,23-Oct-2007,20.49,20.94,20.41,20.63,795100
CSIQ,23-Oct-2007,9.81,9.88,9.33,9.44,292500
CSPI,23-Oct-2007,7.84,7.84,7.8,7.8,2400
CSTR,23-Oct-2007,34.6,34.6,34.13,34.5,340600
CSWC,23-Oct-2007,30.5,30.62,30,30,6600
CSX,23-Oct-2007,15.07,15.3,14.98,15.1467,4075200
CTAS,23-Oct-2007,36.01,36.16,35.52,35.95,1218100
CTBI,23-Oct-2007,28.99,28.99,27.47,28.85,69700
CTHR,23-Oct-2007,3.88,3.92,3.81,3.82,45200
CTIB,23-Oct-2007,4.5,4.74,4.42,4.58,14100
CTIC,23-Oct-2007,176.5,178.5,172,177,70100
CTRN,23-Oct-2007,18.12,18.61,17.83,18.2,177000
CTSH,23-Oct-2007,20.03,20.485,19.795,20.29,2391100
CTXS,23-Oct-2007,32.7627,33.5111,32.3885,33.1369,4356000
CUBA,23-Oct-2007,11.2,11.5,11,11.48,24700
CUTR,23-Oct-2007,24.04,24.95,24.04,24.87,185900
CVBF,23-Oct-2007,11.61,11.61,11.24,11.57,375400
CVCO,23-Oct-2007,34.36,35.08,34.36,34.59,5900
CVCY,23-Oct-2007,11.63,12.47,11.63,12.47,200
CVGI,23-Oct-2007,14.23,14.23,13.3,13.69,86800
CVGW,23-Oct-2007,20.51,21.26,19.45,21.24,116900
CVLT,23-Oct-2007,18.48,18.5,17.98,18.33,125300
CVLY,23-Oct-2007,18,18.39,17.61,17.61,600
CVV,23-Oct-2007,4.75,4.75,4.61,4.69,11300
CWBC,23-Oct-2007,11.78,11.78,11.75,11.75,200
CWCO,23-Oct-2007,33.13,33.83,31.77,33.44,46200
CWST,23-Oct-2007,14.5,15.03,14.37,14.78,510900
CYAN,23-Oct-2007,1.28,1.4,1.1,1.2,30300
CYBE,23-Oct-2007,12.7,12.77,12.67,12.75,9700
CYCC,23-Oct-2007,9324,9324,9072,9240,17300
CYCCP,23-Oct-2007,5.7,5.7,5.7,5.7,0
CYTK,23-Oct-2007,34.44,34.44,32.4,33.3,104600
CYTO,23-Oct-2007,0.62,0.63,0.61,0.62,143300
CZNC,23-Oct-2007,20.36,20.36,20.11,20.11,300
CZWI,23-Oct-2007,9.46,9.46,9.46,9.46,0
DAIO,23-Oct-2007,3.85,4.05,3.85,3.98,25500
DAKT,23-Oct-2007,28.17,28.33,27.58,28.13,391000
DCOM,23-Oct-2007,13.76,13.96,13.43,13.92,132100
DCTH,23-Oct-2007,327.68,471.04,235.52,363.52,3599700
DDMX,23-Oct-2007,29.25,29.4,28.83,29.01,45000
DENN,23-Oct-2007,4.84,4.99,4.8,4.98,1028500
DGICA,23-Oct-2007,17.19,17.54,16.95,17.45,37000
DGICB,23-Oct-2007,18.76,19.56,18.76,19.56,200
DGII,23-Oct-2007,14.27,14.48,14,14.48,87800
DHIL,23-Oct-2007,80.91,80.91,80.17,80.17,600
DIOD,23-Oct-2007,33.01,33.28,32.7,33.23,312400
DISCA,23-Oct-2007,27.77,28.25,27.1,28.24,1407500
DISCB,23-Oct-2007,27.84,27.84,27.84,27.84,0
DISH,23-Oct-2007,48.35,48.99,47.05,48.35,2083300
DJCO,23-Oct-2007,41,41,41,41,0
DLTR,23-Oct-2007,12.3234,12.4667,12.0767,12.1867,5028600
DMLP,23-Oct-2007,21.61,21.78,21.45,21.59,15700
DMRC,23-Oct-2007,8.9,9.2,8.85,9.2,14600
DORM,23-Oct-2007,6.76,7.025,6.76,6.865,2900
DRIV,23-Oct-2007,47.5,48.69,47.1,48.4,844500
DRRX,23-Oct-2007,5.67,5.67,5.43,5.61,149000
DSGX,23-Oct-2007,4.61,4.66,4.61,4.62,2000
DSPG,23-Oct-2007,15.59,15.68,15.32,15.47,97000
DSWL,23-Oct-2007,10.38,10.54,10.02,10.07,15000
DVAX,23-Oct-2007,50.3,52.6,50,50.4,103800
DWSN,23-Oct-2007,79.32,81.41,78.03,81.24,148900
DXCM,23-Oct-2007,8.93,9.3,8.83,9.26,213300
DXPE,23-Oct-2007,41.69,42.62,41.07,41.69,99900
DXYN,23-Oct-2007,9.89,10.6,9.46,10.01,24800
DYNT,23-Oct-2007,7.15,7.25,6.85,6.85,12600
EBAY,23-Oct-2007,15.4274,15.4779,15.0737,15.1326,19153200
EBIX,23-Oct-2007,5.5567,5.6111,5.51,5.5667,2600
EBTC,23-Oct-2007,14.16,14.16,14.16,14.16,1000
ECHO,23-Oct-2007,12.53,12.63,12.5,12.58,45500
ECOL,23-Oct-2007,20.59,21.03,20.59,20.91,79400
ECPG,23-Oct-2007,11.27,11.27,10.65,10.85,93600
EDAP,23-Oct-2007,5.88,6.09,5.88,6.09,200
EDUC,23-Oct-2007,3.205,3.205,3.095,3.105,6700
EEFT,23-Oct-2007,29,29.19,28.01,28.22,374200
EFOI,23-Oct-2007,31.85,35,31.6,34.65,35600
EFSC,23-Oct-2007,23.79,23.96,23.14,23.84,9400
EGBN,23-Oct-2007,12.65,13.34,12.25,12.34,9700
EGLE,23-Oct-2007,303609.6,309758.4,301593.6,309657.6,944000
EHTH,23-Oct-2007,26.78,27.1,26.11,27.08,78800
ELSE,23-Oct-2007,5.93,5.93,5.68,5.8,9500
ELTK,23-Oct-2007,3.65,3.65,3.51,3.57,5800
EMKR,23-Oct-2007,40.04,40.76,39.08,40.16,732800
ENDP,23-Oct-2007,27.68,28.05,27.6,27.97,1148800
ENTG,23-Oct-2007,8.41,8.41,8.21,8.33,449900
EPAY,23-Oct-2007,13.61,14.07,13.39,13.97,176600
EPIX,23-Oct-2007,80.2,81.6,79.6,80.6,102600
EQIX,23-Oct-2007,103,106.06,101.37,105.86,893800
ERES,23-Oct-2007,11.03,11.16,10.71,11.07,483400
ERIC,23-Oct-2007,29.65,29.97,29.41,29.94,4027600
ERIE,23-Oct-2007,56.31,56.59,55.53,56.46,44000
ESBK,23-Oct-2007,19.61,19.61,19.61,19.61,0
ESCA,23-Oct-2007,9.37,9.88,9.37,9.87,13900
ESEA,23-Oct-2007,159.04,162.88,156.24,160.48,194300
ESGR,23-Oct-2007,133.7,135.75,130.12,131.84,9100
ESLT,23-Oct-2007,50,51,49.46,50.3,34200
ESSA,23-Oct-2007,11.35,11.52,11.31,11.52,6200
EVOL,23-Oct-2007,1.75,1.81,1.72,1.75,21000
EWBC,23-Oct-2007,34.78,34.87,34.3,34.59,517800
EXAS,23-Oct-2007,3.75,4,3.75,3.97,359000
EXEL,23-Oct-2007,11.09,11.4,11.01,11.38,1100200
EXLS,23-Oct-2007,27.26,27.42,25.65,27,126400
EXPD,23-Oct-2007,48.77,49.2,47.91,48.87,1100700
EXPE,23-Oct-2007,32.37,33.05,31.84,32.93,2980600
EXPO,23-Oct-2007,7.005,7.0875,6.8825,7.0675,132900
EXTR,23-Oct-2007,3.74,3.74,3.66,3.71,458800
EZPW,23-Oct-2007,13.44,13.63,13,13.37,176500
FARM,23-Oct-2007,26.62,26.62,26.02,26.56,10700
FARO,23-Oct-2007,43.22,44,42.35,43.36,70000
FAST,23-Oct-2007,10.7225,10.7775,10.56,10.6825,850900
FBIZ,23-Oct-2007,17.66,17.66,17.66,17.66,0
FBMS,23-Oct-2007,21.61,21.61,21.61,21.61,0
FBNC,23-Oct-2007,19.79,19.79,19,19.29,16000
FCAL,23-Oct-2007,8.66,9,8.5,9,1800
FCAP,23-Oct-2007,17,17,17,17,0
FCBC,23-Oct-2007,33.54,33.54,31.9,32.4,19500
FCCO,23-Oct-2007,15.75,15.95,15.75,15.95,1000
FCCY,23-Oct-2007,16.41,16.41,16.41,16.41,0
FCEL,23-Oct-2007,1370.88,1389.6,1339.2,1356.48,710200
FCFS,23-Oct-2007,20.06,20.12,19.04,19.56,605000
FCNCA,23-Oct-2007,167.29,170,166.5,166.5,2600
FEIM,23-Oct-2007,10.31,10.31,10.1,10.2,5600
FELE,23-Oct-2007,20.27,20.27,19.815,20.005,270600
FFBC,23-Oct-2007,12.21,12.21,11.78,12.09,77800
FFHL,23-Oct-2007,6.33,6.56,6.33,6.49,167300
FFIC,23-Oct-2007,16.95,16.95,16.26,16.77,50500
FFIN,23-Oct-2007,6.6384,6.6384,6.425,6.5534,58500
FFIV,23-Oct-2007,43.2,44.55,42.82,44.27,1346500
FFNW,23-Oct-2007,11.5,11.52,11.45,11.5,134900
FISI,23-Oct-2007,19.08,19.27,19.08,19.27,2600
FISV,23-Oct-2007,13.0225,13.1225,12.835,13.115,1076100
FITB,23-Oct-2007,30.17,30.59,29.57,29.98,5271000
FIZZ,23-Oct-2007,8.43,8.5,8.3,8.41,75400
FLEX,23-Oct-2007,11.52,11.88,11.31,11.84,17205000
FLIC,23-Oct-2007,13,13,12.6,12.6333,7800
FLWS,23-Oct-2007,12.95,13.34,12.86,13.01,604700
FLXS,23-Oct-2007,14.6,14.75,14.6,14.69,6200
FMBI,23-Oct-2007,33,33,31.92,32.31,364900
FNLC,23-Oct-2007,15,15.15,15,15.12,1500
FOLD,23-Oct-2007,16.92,17,16.6,16.79,165700
FONR,23-Oct-2007,7.23,7.4,7.05,7.13,26700
FORD,23-Oct-2007,2.93,3.04,2.87,2.89,66900
FORM,23-Oct-2007,43.01,43.55,42.36,43.52,716500
FORR,23-Oct-2007,24.72,24.95,23.96,24.92,93500
FORTY,23-Oct-2007,13.69,13.7,13.66,13.7,300
FOSL,23-Oct-2007,37.2,37.41,36.66,37.36,743100
FRBK,23-Oct-2007,7.85,7.85,7.79,7.8,6000
FREE,23-Oct-2007,1425000000,1572000000,1363500000,1402500000,357100
FREEW,23-Oct-2007,4.3,5.2,4.2,4.22,37500
FRME,23-Oct-2007,21.62,21.66,21.01,21.57,68000
FRPT,23-Oct-2007,19.47,19.65,17.32,18.44,3509300
FSII,23-Oct-2007,2.11,2.16,2.11,2.15,96400
FSLR,23-Oct-2007,141.6,152.6,139.03,150.16,4227000
FSTR,23-Oct-2007,38.27,40.63,38.27,39.38,365600
FTEK,23-Oct-2007,30.68,31.18,29.41,30.38,751200
FULT,23-Oct-2007,12.7,12.7,12.47,12.59,487200
FUNC,23-Oct-2007,18.96,19.35,18.7,19.3,5400
FUND,23-Oct-2007,10.65,10.75,10.52,10.75,24400
FWRD,23-Oct-2007,28.72,28.75,27.62,27.87,713700
GABC,23-Oct-2007,8.6333,8.7267,8.54,8.7267,3400
GAIA,23-Oct-2007,24.51,24.73,22.93,24.38,155900
GAIN,23-Oct-2007,12.4,12.54,12.31,12.52,39700
GASS,23-Oct-2007,16.86,17.15,16.86,17.15,28900
GBCI,23-Oct-2007,20.35,20.35,19.16,19.42,318200
GCBC,23-Oct-2007,5.875,6.25,5.875,6.195,1000
GENE,23-Oct-2007,93,93,91,91,300
GERN,23-Oct-2007,7.49,7.56,7.4,7.53,431100
GFED,23-Oct-2007,29.36,29.98,29.25,29.97,4900
GGAL,23-Oct-2007,7.76,7.91,7.52,7.62,90700
GIFI,23-Oct-2007,35.5,35.68,34.07,35.41,152400
GIGM,23-Oct-2007,110.05,110.8,106.7,108.5,861700
GIII,23-Oct-2007,9.135,9.135,8.655,8.845,69400
GILD,23-Oct-2007,21.305,21.655,21.145,21.51,6603000
GILT,23-Oct-2007,11,11.05,10.89,11,250200
GLAD,23-Oct-2007,18.53,18.8,18.45,18.74,114600
GLBL,23-Oct-2007,24.84,25.64,24.75,25.64,1279400
GLBZ,23-Oct-2007,15.72,15.72,15.72,15.72,0
GLDD,23-Oct-2007,8.76,9.02,8.76,8.98,77400
GLNG,23-Oct-2007,24.88,25.81,24.71,25.77,544700
GLRE,23-Oct-2007,19.67,19.71,19,19.31,118600
GNSS,23-Oct-2007,7.84,7.95,7.68,7.88,386800
GNTX,23-Oct-2007,10.4,10.745,10.4,10.67,1067500
GOOD,23-Oct-2007,18.02,18.62,17.65,18.32,3600
GOODO,23-Oct-2007,24.07,24.07,24.07,24.07,100
GOOG,23-Oct-2007,330.625,338.8,330,337.885,6799900
GPRE,23-Oct-2007,9,9.05,8.72,8.75,45100
GPRO,23-Oct-2007,66.17,68.96,66,68.72,347800
GRIL,23-Oct-2007,6.16,6.26,6,6.2,6000
GRIN,23-Oct-2007,0.39,0.39,0.39,0.39,0
GRMN,23-Oct-2007,117.53,120.72,116.58,120.53,5321900
GROW,23-Oct-2007,22.85,23.1,22.05,22.1,410300
GRVY,23-Oct-2007,14.84,15.12,14.32,15.12,6400
GSBC,23-Oct-2007,24.7,24.7,23.58,24.13,23900
GSIT,23-Oct-2007,3.24,3.4,3.21,3.39,7200
GT,23-Oct-2007,27.69,28.19,27.45,27.95,2411400
GTIM,23-Oct-2007,6.25,6.25,6.25,6.25,300
GYRO,23-Oct-2007,48.89,51.24,48.87,51.24,900
HAFC,23-Oct-2007,15,15.05,14.58,14.84,316000
HAIN,23-Oct-2007,17.14,17.14,16.725,17.01,283300
HALL,23-Oct-2007,16.4,16.6,16.17,16.51,82200
HALO,23-Oct-2007,9.19,9.26,8.95,9.26,293300
HAS,23-Oct-2007,28.46,28.96,28.37,28.86,2113700
HAYN,23-Oct-2007,82.93,85.27,81.01,84.85,99400
HBAN,23-Oct-2007,17.33,17.38,16.92,17.15,1923400
HBIO,23-Oct-2007,4.91,4.96,4.85,4.96,24900
HBNC,23-Oct-2007,5.0963,5.0963,5.0963,5.0963,1800
HCSG,23-Oct-2007,13.4467,13.8533,13.44,13.4867,652500
HDSN,23-Oct-2007,1.02,1.03,0.98,1.01,51500
HEES,23-Oct-2007,18.93,18.93,18.07,18.84,147800
HELE,23-Oct-2007,18.77,18.83,17.85,17.99,277300
HERO,23-Oct-2007,25.05,25.36,24.61,25.27,1130000
HFWA,23-Oct-2007,22,22,21.9,21.9,800
HIBB,23-Oct-2007,22.71,22.86,21.95,22.3,381300
HIFS,23-Oct-2007,32.1,32.1,32.1,32.1,0
HIHO,23-Oct-2007,5.65,5.77,5.5,5.77,36400
HIMX,23-Oct-2007,4,4,3.79,3.95,600200
HLIT,23-Oct-2007,11.78,11.79,11.45,11.57,2013100
HLTH,23-Oct-2007,14,14.23,13.89,14.01,1016800
HMNF,23-Oct-2007,28,28,27.8,27.8,800
HOFT,23-Oct-2007,21,21.5,20.48,21.5,73600
HOLX,23-Oct-2007,32.8,33.93,32.116,33.4,4460400
HOMB,23-Oct-2007,5.4175,5.5175,5.3325,5.4,60000
HOOK,23-Oct-2007,6.84,6.96,6.7,6.78,11500
HOVNP,23-Oct-2007,12.16,12.5,12.16,12.36,17500
HSIC,23-Oct-2007,62.51,62.58,61.32,61.73,575900
HSII,23-Oct-2007,41.07,41.07,39.99,40.44,211600
HSKA,23-Oct-2007,2.17,2.22,2.15,2.15,12100
HSTM,23-Oct-2007,3.59,3.75,3.59,3.72,49400
HTBK,23-Oct-2007,18.47,18.47,17.93,18.46,17200
HTLD,23-Oct-2007,14.41,14.42,13.99,14.2,428100
HTLF,23-Oct-2007,20.65,20.65,19.78,20.44,13400
HUBG,23-Oct-2007,26.49,27.13,24.1,26.92,4063900
HURC,23-Oct-2007,56.27,57.57,55.3,55.88,42000
HURN,23-Oct-2007,76.17,79.99,75.33,78.71,187000
HWBK,23-Oct-2007,30.51,30.67,27.65,28,5500
HWKN,23-Oct-2007,15.5,15.5,15.36,15.5,1900
IART,23-Oct-2007,23.925,23.925,23.455,23.7,106300
IBCP,23-Oct-2007,10.67,10.76,9.95,10.14,165500
IBKR,23-Oct-2007,29.3,29.99,28.77,29.91,680800
IBOC,23-Oct-2007,21.37,21.42,20.78,21.18,100300
ICAD,23-Oct-2007,2.89,3,2.86,2.98,32300
ICCC,23-Oct-2007,4.28,4.43,4.03,4.16,4000
ICFI,23-Oct-2007,29.69,30.99,28.86,30.46,290100
ICLR,23-Oct-2007,55,57.62,53.25,56.96,380500
ICUI,23-Oct-2007,38.91,38.91,38.08,38.6,116600
IDCC,23-Oct-2007,21,21.3,20.43,20.7,533700
IDXX,23-Oct-2007,27.935,28.805,27.8825,28.6725,116200
IESC,23-Oct-2007,24.59,24.75,24.15,24.53,192700
IIVI,23-Oct-2007,18.175,18.175,15.45,16.335,797700
IKNX,23-Oct-2007,8.86,8.86,8.86,8.86,0
ILMN,23-Oct-2007,60.4,62.41,59.79,62.38,1699900
IMGN,23-Oct-2007,5,5,4.93,5,119400
IMKTA,23-Oct-2007,27.15,27.27,26.62,27.17,74500
IMMR,23-Oct-2007,16.47,16.76,15.9,16.28,372000
IMOS,23-Oct-2007,5.69,5.69,5.53,5.58,379000
IMRX,23-Oct-2007,2.86,3.27,2.8,3.27,9200
INCY,23-Oct-2007,8.35,8.47,8.26,8.46,569800
INDB,23-Oct-2007,29.93,29.93,29.28,29.83,73200
INFI,23-Oct-2007,10.44,10.5,10.21,10.24,23000
INFN,23-Oct-2007,26.22,27.12,25.66,26.66,891500
INGN,23-Oct-2007,4.16,4.16,4.01,4.06,46000
INMD,23-Oct-2007,12.9,13.12,12.51,13.02,39300
INOD,23-Oct-2007,3.96,4.08,3.96,4.07,19500
INSM,23-Oct-2007,0.91,1.02,0.9,0.96,2012700
INTC,23-Oct-2007,26.62,26.82,26.16,26.8,67304600
INTG,23-Oct-2007,18.5,18.5,18.5,18.5,500
INTU,23-Oct-2007,31.2,31.55,30.98,31.44,2268300
IOSP,23-Oct-2007,22.6,22.72,22.04,22.52,94600
IPAR,23-Oct-2007,16.635,17.649,16.235,17.135,109100
IPGP,23-Oct-2007,20.88,20.88,19.96,20.62,114200
IRBT,23-Oct-2007,16,16.1,15.62,15.8,502600
IRIX,23-Oct-2007,4.9,5.12,4.9,5.12,13300
ISBC,23-Oct-2007,5.7765,5.8275,5.7098,5.8275,145700
ISIG,23-Oct-2007,3.88,3.9,3.6,3.63,68100
ISLE,23-Oct-2007,20,20.31,19.78,20.22,130100
ISRG,23-Oct-2007,296.5,304.35,290.5,304.3,2668900
ISSC,23-Oct-2007,18.28,19.74,18.28,19.39,61500
ITIC,23-Oct-2007,40.84,40.84,40.84,40.84,0
ITRI,23-Oct-2007,102.32,103.65,101.59,103.38,378700
ITRN,23-Oct-2007,11.54,11.73,11.54,11.71,13100
IVAC,23-Oct-2007,18.48,18.79,17.71,18,479700
JAKK,23-Oct-2007,270.2,280.5,270,279.9,466400
JAZZ,23-Oct-2007,13.07,13.47,12.8,13,21600
JBHT,23-Oct-2007,27.45,28.62,27.44,28.57,2257000
JBLU,23-Oct-2007,9.46,9.77,9.32,9.45,15041100
JBSS,23-Oct-2007,9.5,9.83,9.5,9.77,14900
JCTCF,23-Oct-2007,2.265,2.38,2.265,2.38,2400
JJSF,23-Oct-2007,35.6,35.6,34.4,35.43,37000
JKHY,23-Oct-2007,27.54,27.67,26.9,27.67,1012100
JOBS,23-Oct-2007,11.225,12,10.995,11.455,102400
JOUT,23-Oct-2007,21.98,22.03,21.98,21.98,2900
JRJC,23-Oct-2007,364.5,369.2,349.2,354.7,1323200
JRVR,23-Oct-2007,33.99,33.99,33.84,33.94,18600
KALU,23-Oct-2007,74.25,76.06,73.91,75.7,125400
KELYA,23-Oct-2007,21.5,21.5,20.01,20.87,291300
KELYB,23-Oct-2007,22.5,22.5,21.56,21.56,400
KEQU,23-Oct-2007,15.25,16,15.25,15.77,6700
KFFB,23-Oct-2007,10.1,10.11,10.05,10.06,2200
KFRC,23-Oct-2007,12.79,12.79,12.43,12.53,316700
KIRK,23-Oct-2007,1.06,1.07,1.01,1.06,16500
KLAC,23-Oct-2007,52.96,53.25,51.85,53.08,3532300
KLIC,23-Oct-2007,7.72,7.78,7.6,7.68,1341200
KOPN,23-Oct-2007,3.69,3.74,3.65,3.74,84200
KOSS,23-Oct-2007,9.495,9.495,9.05,9.05,1100
KRNY,23-Oct-2007,13.08,13.12,12.78,13.12,38100
KTCC,23-Oct-2007,4.81,4.89,4.65,4.68,9800
KTOS,23-Oct-2007,2.7,2.7,2.68,2.7,92400
KVHI,23-Oct-2007,8.98,9.73,8.98,9.48,38900
LAKE,23-Oct-2007,11.97,12.1,11.94,12.08,7000
LAMR,23-Oct-2007,51.37,52.31,51.11,52.01,1387000
LANC,23-Oct-2007,38.29,38.29,37.72,38.13,138700
LARK,23-Oct-2007,25.65,25.66,25.65,25.65,19600
LAWS,23-Oct-2007,35.28,35.57,34.75,35.57,6700
LBAI,23-Oct-2007,14.14,14.14,13.83,14.07,46900
LBTYA,23-Oct-2007,20.4803,20.4803,20.138,20.3168,1447100
LBTYB,23-Oct-2007,39.8,39.8,39.8,39.8,1800
LBTYK,23-Oct-2007,37.35,37.39,36.85,37.17,1144400
LCUT,23-Oct-2007,16.66,16.86,16.53,16.74,87600
LECO,23-Oct-2007,39.485,39.49,38.5,39.37,154700
LFUS,23-Oct-2007,35.05,35.11,34.09,34.6,81700
LGBT,23-Oct-2007,1.29,1.29,1.29,1.29,0
LGND,23-Oct-2007,32.34,32.64,31.44,32.64,294500
LGVN,23-Oct-2007,0.95,0.98,0.94,0.96,73800
LHCG,23-Oct-2007,21.89,22.55,21.71,22.2,129300
LINC,23-Oct-2007,14.32,14.49,14.08,14.47,6500
LJPC,23-Oct-2007,3.85,3.89,3.75,3.81,29800
LKFN,23-Oct-2007,13.5467,13.5667,13.38,13.5067,27500
LLNW,23-Oct-2007,10.68,11.1,10.54,10.85,549900
LMAT,23-Oct-2007,7.36,7.37,7.18,7.18,1700
LNDC,23-Oct-2007,14.75,15.01,14.41,15,424500
LOGC,23-Oct-2007,1.94,1.94,1.93,1.93,3800
LOGI,23-Oct-2007,34.61,35.45,34.44,35.4,1540000
LOOP,23-Oct-2007,21.95,22.68,21.83,22.3,281700
LORL,23-Oct-2007,39.89,39.91,38.97,39.66,57100
LPSN,23-Oct-2007,6.15,6.31,6.09,6.21,95600
LPTH,23-Oct-2007,3.45,3.45,3.4,3.43,6000
LQDT,23-Oct-2007,11.6,11.7,11.42,11.47,193300
LRCX,23-Oct-2007,53.6,54.29,52.51,54.09,1872700
LSBK,23-Oct-2007,9.83,9.9,9.83,9.9,3400
LSCC,23-Oct-2007,4.28,4.39,4.25,4.35,1701000
LSTR,23-Oct-2007,42.14,43.26,41.08,43.18,720100
LTRX,23-Oct-2007,1.08,1.08,1.08,1.08,2000
LULU,23-Oct-2007,29.715,30.35,28.15,28.815,1587900
LUNA,23-Oct-2007,4.66,4.95,4.66,4.93,78800
LWAY,23-Oct-2007,15.98,16.75,15.85,16.43,87000
LXRX,23-Oct-2007,24.78,25.2,24.15,25.2,126300
LYTS,23-Oct-2007,22.5,22.82,21.72,22.4,256000
MANH,23-Oct-2007,7.385,7.4925,7.305,7.435,286300
MANT,23-Oct-2007,37.15,37.26,36.41,37.1,97800
MARPS,23-Oct-2007,39.8,39.8,38.05,38.75,3100
MASI,23-Oct-2007,30.88,31.64,30.55,31.19,250200
MAT,23-Oct-2007,20.95,21.46,20.74,21.38,7199700
MATW,23-Oct-2007,44.65,44.75,43.3,44.01,103100
MAYS,23-Oct-2007,22.14,22.14,22.14,22.14,0
MBRX,23-Oct-2007,3.05,3.09,3.04,3.04,2200
MBWM,23-Oct-2007,20.13,20.19,19.7,19.74,120900
MCBC,23-Oct-2007,11.4,11.47,11.03,11.21,60200
MCHP,23-Oct-2007,29.92,30.72,29.89,30.68,2769200
MCHX,23-Oct-2007,10.59,10.7,10.34,10.7,126100
MCRI,23-Oct-2007,30.83,30.83,29.4,30.27,78400
MDRX,23-Oct-2007,25.26,25.58,25.2,25.46,499000
MELI,23-Oct-2007,39.57,44.12,39.57,42.83,336100
MEOH,23-Oct-2007,27,27.9,26.82,27.75,240900
MERC,23-Oct-2007,9.49,9.49,9.26,9.4,123900
MESA,23-Oct-2007,5.32,5.33,5.19,5.21,229100
MGEE,23-Oct-2007,22.24,22.3467,21.6667,22.2867,115600
MGIC,23-Oct-2007,1.98,2.09,1.98,2.09,18100
MGLN,23-Oct-2007,42.25,42.37,41.43,41.77,364600
MGPI,23-Oct-2007,8.95,8.95,8.65,8.72,170000
MGRC,23-Oct-2007,35.38,35.38,33.77,34.5,105500
MGYR,23-Oct-2007,10.33,10.33,10.25,10.25,1500
MIDD,23-Oct-2007,20.89,22.0233,20.89,21.7533,64000
MIND,23-Oct-2007,20.9,21.96,20.66,21.91,278100
MKSI,23-Oct-2007,20.36,20.38,19.89,20.37,394200
MKTX,23-Oct-2007,15.75,15.75,15.01,15.46,402700
MKTY,23-Oct-2007,1.3,1.34,1.21,1.28,96800
MLAB,23-Oct-2007,20.5,20.5,20.5,20.5,400
MLHR,23-Oct-2007,27.82,27.91,27.03,27.45,453400
MMLP,23-Oct-2007,36.72,37.12,36,36.74,20500
MMSI,23-Oct-2007,10.744,10.88,10.504,10.64,432700
MNDO,23-Oct-2007,2.49,2.5,2.44,2.45,12400
MNKD,23-Oct-2007,49.45,50.6,48.5,50.25,712100
MNOV,23-Oct-2007,7.1,7.28,7.05,7.08,7800
MNRO,23-Oct-2007,15.62,15.62,15.0133,15.1733,130600
MNST,23-Oct-2007,10.1917,10.4167,10.0767,10.3517,1664600
MORN,23-Oct-2007,71.69,72.32,69.9,72.2,114500
MOSY,23-Oct-2007,1282,1334,1282,1334,23400
MOVE,23-Oct-2007,9.08,9.84,9.08,9.8,1510600
MPAC,23-Oct-2007,8.37,8.63,8.37,8.62,1200
MPWR,23-Oct-2007,23.5,23.95,22.78,23.4,218400
MRCY,23-Oct-2007,10.87,11.49,10.81,11.46,100800
MRLN,23-Oct-2007,14.81,14.85,14.16,14.75,50500
MRTN,23-Oct-2007,6.1289,6.3289,5.9245,6.0978,594900
MRVL,23-Oct-2007,17.75,18.03,17.59,18.03,10657000
MSEX,23-Oct-2007,18.8,18.8,18.52,18.55,10500
MSFT,23-Oct-2007,30.71,31.12,30.71,30.9,49956100
MSON,23-Oct-2007,5.25,5.33,5.25,5.25,6900
MSTR,23-Oct-2007,86.91,87,84.16,86.24,144800
MTEX,23-Oct-2007,87.3,88.1,85.7,86.8,124500
MTRX,23-Oct-2007,27.79,28.88,27.68,28.81,636200
MU,23-Oct-2007,10.04,10.11,9.88,9.99,15196900
MVIS,23-Oct-2007,34.8,36.4,33.6,34.64,1156800
MYGN,23-Oct-2007,26,26.53,25.9,26.285,594700
NAII,23-Oct-2007,7.39,7.95,7.39,7.87,14300
NATH,23-Oct-2007,16.53,16.73,16.36,16.73,3600
NATI,23-Oct-2007,22.98,23.32,22.7933,22.9667,418900
NAVI,23-Oct-2007,10.03,10.48,10.03,10.09,94900
NBIX,23-Oct-2007,10.12,10.28,10.04,10.28,286600
NBN,23-Oct-2007,16.75,17.01,16.75,17.01,1300
NBTB,23-Oct-2007,21.54,22.46,21.5,22.11,126000
NCMI,23-Oct-2007,27,27.96,26.41,27.88,149600
NCTY,23-Oct-2007,905.7,975.6,905.7,968.1,288300
NDAQ,23-Oct-2007,41.97,42.72,41.15,42.08,5615200
NDSN,23-Oct-2007,26.425,26.425,25.675,26.3,119900
NECB,23-Oct-2007,12.26,12.26,12.26,12.26,100
NEOG,23-Oct-2007,8.5367,8.5367,8.2567,8.36,20300
NEON,23-Oct-2007,38,38.5,34.5,37.7,22300
NEPT,23-Oct-2007,4.3,4.35,4.2,4.25,23700
NEWT,23-Oct-2007,7.65,7.9,7.6,7.9,7400
NEXT,23-Oct-2007,12.95,13.1,12.88,13.08,41900
NFLX,23-Oct-2007,3.6843,3.7429,3.5029,3.7129,5498300
NICE,23-Oct-2007,39.84,40.52,39.65,39.94,238500
NICK,23-Oct-2007,8.73,8.74,8.61,8.71,7200
NKSH,23-Oct-2007,19,19.03,19,19,600
NKTR,23-Oct-2007,6.69,6.94,6.5,6.65,2369400
NNBR,23-Oct-2007,9.46,9.76,9.46,9.76,11800
NOVN,23-Oct-2007,14.15,14.25,13.72,14.17,399400
NRIM,23-Oct-2007,21.76,21.76,21.27,21.29,3600
NSEC,23-Oct-2007,17.81,17.81,17.81,17.81,0
NSIT,23-Oct-2007,25.91,26.25,25.52,26.24,231300
NSSC,23-Oct-2007,5.84,5.89,5.82,5.85,28700
NSYS,23-Oct-2007,7.4,7.45,7.07,7.45,4400
NTAP,23-Oct-2007,30.25,32.11,30.25,32.04,11867200
NTCT,23-Oct-2007,13.2,14.15,13.2,13.72,521100
NTES,23-Oct-2007,4.02,4.1,3.992,4.018,858900
NTGR,23-Oct-2007,30.77,31.97,30.52,31.46,1008000
NTRS,23-Oct-2007,70.49,72.49,70.08,72.29,2003900
NTWK,23-Oct-2007,38.9,38.9,36.8,37.6,333800
NUAN,23-Oct-2007,21.37,22.06,21.22,21.93,2471700
NURO,23-Oct-2007,1729.92,1751.04,1647.36,1647.36,174600
NUVA,23-Oct-2007,36.36,38.45,36.31,38.25,672200
NVAX,23-Oct-2007,80.2,80.4,78.2,79.8,154400
NVDA,23-Oct-2007,9.9175,9.9175,9.57,9.8375,7362600
NVEC,23-Oct-2007,29.48,30,28.55,29.92,99400
NVMI,23-Oct-2007,2.8,2.84,2.75,2.82,25800
NWFL,23-Oct-2007,29.9,29.9,29.9,29.9,0
NWPX,23-Oct-2007,37.39,37.39,35.6,37.01,91700
NXST,23-Oct-2007,9.53,9.53,8.94,9.07,74700
NYMX,23-Oct-2007,5.68,5.73,5.57,5.69,18800
OBAS,23-Oct-2007,17.25,18.35,17.25,18.25,12900
OBCI,23-Oct-2007,1.77,1.79,1.75,1.79,17700
OCFC,23-Oct-2007,16.7,16.93,16.4,16.9,27000
ODFL,23-Oct-2007,10.3511,10.48,10.1333,10.3555,321500
OFIX,23-Oct-2007,52.35,52.68,52,52.31,62800
OFLX,23-Oct-2007,15.64,15.64,15.5,15.6,900
OIIM,23-Oct-2007,18,18,17.15,17.45,290300
OMAB,23-Oct-2007,30.2,31.4,29.95,30.79,149900
OMCL,23-Oct-2007,26.28,26.34,25.38,25.83,520100
OMEX,23-Oct-2007,81.6,83.88,81.36,83.52,155900
ONCY,23-Oct-2007,2.4,2.46,2.33,2.33,69400
ONEQ,23-Oct-2007,108.76,109.85,108.63,109.85,6100
OPHC,23-Oct-2007,331.2,331.2,331.2,331.2,800
OPNT,23-Oct-2007,11.59,11.65,11.52,11.64,11800
OPOF,23-Oct-2007,19.89,20.18,19.5,19.5,1900
ORGN,23-Oct-2007,5.95,5.98,5.95,5.96,1200
ORLY,23-Oct-2007,33.16,33.27,32.31,33.22,1046900
OSBC,23-Oct-2007,28.24,28.5,27.67,28.15,42100
OSIS,23-Oct-2007,23.04,23.34,22.82,23.3,85800
OSTK,23-Oct-2007,34.83,36.58,34.6,35.46,584100
OSUR,23-Oct-2007,10,10.21,9.85,10.21,238800
OTEX,23-Oct-2007,6.9775,7.2,6.93,7.0975,335300
OTTR,23-Oct-2007,35.49,35.59,34.57,35.51,84900
OVBC,23-Oct-2007,25,25,25,25,0
PAAS,23-Oct-2007,29.39,29.56,28.5,28.91,858700
PANL,23-Oct-2007,18.39,18.92,18.31,18.83,222700
PATK,23-Oct-2007,4.9867,5.5022,4.9867,5.44,2600
PAYX,23-Oct-2007,41.6,41.74,41.27,41.74,2273700
PBCT,23-Oct-2007,17.97,18.54,17.91,18.49,5820600
PBHC,23-Oct-2007,10.05,10.05,10.05,10.05,0
PBIP,23-Oct-2007,13.01,13.01,13.01,13.01,0
PCAR,23-Oct-2007,49,50.38,48.33,50.38,2981700
PCTI,23-Oct-2007,7.98,7.99,7.88,7.95,35200
PCYO,23-Oct-2007,8.87,8.9,8.77,8.79,18600
PDCO,23-Oct-2007,37.61,37.95,37.11,37.93,694400
PDEX,23-Oct-2007,1.42,1.42,1.32,1.37,6200
PDFS,23-Oct-2007,8.74,8.81,8.5,8.56,79600
PEBK,23-Oct-2007,16.66,16.66,16.66,16.66,0
PEBO,23-Oct-2007,25.77,25.9,25.3,25.79,27900
PEGA,23-Oct-2007,5.96,5.96,5.775,5.875,34200
PENN,23-Oct-2007,61.55,61.75,61.3,61.45,425800
PESI,23-Oct-2007,14.6,14.6,14.15,14.45,203900
PETS,23-Oct-2007,14.8,14.8,14.52,14.72,466400
PFBC,23-Oct-2007,32.93,32.93,31.67,32.05,96000
PFIN,23-Oct-2007,11.69,11.69,11.69,11.69,1100
PFSW,23-Oct-2007,1.31,1.41,1.29,1.34,77300
PKBK,23-Oct-2007,14.5455,14.5455,14.3818,14.3818,400
PKOH,23-Oct-2007,25.59,26.04,24.75,25.98,32700
PLAB,23-Oct-2007,11.3,11.43,11.12,11.36,185300
PLBC,23-Oct-2007,12.3,12.3,12.3,12.3,0
PLCE,23-Oct-2007,22.83,24.42,22.58,23.7,1523700
PLPC,23-Oct-2007,50.46,51.97,48.84,51.6,800
PLUG,23-Oct-2007,3.57,3.6,3.28,3.32,2591900
PLUS,23-Oct-2007,3.815,3.815,3.815,3.815,0
PLXS,23-Oct-2007,28.44,28.44,27.48,28.34,577700
PMBC,23-Oct-2007,15.14,15.15,14.7,14.8,5100
PNBK,23-Oct-2007,196.6,196.6,196.6,196.6,0
PNFP,23-Oct-2007,28.06,28.39,27.48,28.28,28700
PNNT,23-Oct-2007,13.62,13.88,13.48,13.7,166500
PNRG,23-Oct-2007,55.16,55.16,55.16,55.16,0
PODD,23-Oct-2007,24.25,25.3,24.17,25.17,120400
POOL,23-Oct-2007,24.18,26.03,24.01,24.34,1151100
POWI,23-Oct-2007,15.615,15.925,15.385,15.89,177200
POWL,23-Oct-2007,39.38,40.38,39.24,40,41400
PPBI,23-Oct-2007,10.75,10.76,10.61,10.61,3900
PRAA,23-Oct-2007,15.9167,15.92,15.6,15.6567,157600
PRFT,23-Oct-2007,17.51,18.55,17.35,18.5,615000
PRFZ,23-Oct-2007,57.11,58,56.32,57.1,37000
PRGS,23-Oct-2007,21.6667,21.6667,21.2067,21.4867,228400
PROV,23-Oct-2007,19.85,20.1,19.67,19.79,10800
PRTS,23-Oct-2007,8.13,8.31,8.13,8.24,21700
PSEC,23-Oct-2007,15.06,15.32,14.87,15.02,228300
PSMT,23-Oct-2007,27.94,28.35,27.04,28.32,47400
PSTI,23-Oct-2007,80,80,80,80,1800
PTEN,23-Oct-2007,21.09,21.24,20.97,20.99,3781900
PTIX,23-Oct-2007,5.8,5.86,5.68,5.8,10100
PTNR,23-Oct-2007,17.45,17.74,17.36,17.67,99700
PTSI,23-Oct-2007,17.34,18,17.34,17.91,7700
PWOD,23-Oct-2007,20.6667,20.6667,20.6667,20.6667,0
PXLW,23-Oct-2007,1.26,1.33,1.25,1.3,550200
PZZA,23-Oct-2007,11.735,11.735,11.315,11.46,360500
QCLN,23-Oct-2007,26.36,26.89,26.23,26.82,14500
QCOM,23-Oct-2007,40.4,41.15,40.1,41.13,12114400
QCRH,23-Oct-2007,14.48,14.49,14.48,14.49,300
QDEL,23-Oct-2007,19.55,19.55,18.58,18.83,252400
QQEW,23-Oct-2007,23.9,24.1,23.77,24.1,30200
QQQ,23-Oct-2007,53.61,54.21,53.34,54.18,162362800
QQQX,23-Oct-2007,19.31,19.32,18.98,19.32,60400
QQXT,23-Oct-2007,22.7,22.7,22.7,22.7,300
QTEC,23-Oct-2007,23.76,24.05,23.72,24.04,15300
QUIK,23-Oct-2007,49.98,50.68,49.56,50.12,86700
RADA,23-Oct-2007,4.18,4.2,4.18,4.2,700
RAIL,23-Oct-2007,38.2,39.71,37.9,38.98,579200
RAM,23-Oct-2007,5.34,5.41,5.23,5.32,66000
RAND,23-Oct-2007,34.74,34.74,33.75,34.65,2000
RAVN,23-Oct-2007,20.5,21.175,20.25,21.175,97700
RBCAA,23-Oct-2007,15.75,16.93,15.75,16.85,37000
RCII,23-Oct-2007,16.35,16.42,15.85,16.1,508300
RCKY,23-Oct-2007,8.64,8.64,6.72,6.83,402500
RCMT,23-Oct-2007,8.02,8.04,7.85,7.9,25500
RDCM,23-Oct-2007,0.96,0.99,0.96,0.99,3500
RDNT,23-Oct-2007,9.09,9.43,9.09,9.41,116600
RDWR,23-Oct-2007,8.25,8.27,7.55,7.74,244800
REFR,23-Oct-2007,15.03,15.62,15.03,15.44,195900
REGN,23-Oct-2007,20.9,22.14,20.55,21.8,887300
RELL,23-Oct-2007,7.3,7.66,7.27,7.66,12700
RENT,23-Oct-2007,15.04,16,14.5,15.85,37600
RFIL,23-Oct-2007,3.75,3.835,3.625,3.815,22700
RGCO,23-Oct-2007,8.8133,8.8133,8.8133,8.8133,100
RGEN,23-Oct-2007,4.26,4.3,4.22,4.27,53200
RGLD,23-Oct-2007,30.85,31.74,30.82,31.67,365600
RICK,23-Oct-2007,14.75,16.08,14.75,15.32,196000
RIGL,23-Oct-2007,9.65,9.69,9.51,9.69,65300
RMBS,23-Oct-2007,20.26,20.46,19.61,19.76,1604200
RMCF,23-Oct-2007,17.23,17.45,16.96,17,9400
RMTI,23-Oct-2007,6.19,6.29,6.15,6.23,34000
RNST,23-Oct-2007,23.14,23.29,22.6,23.07,67500
RNWK,23-Oct-2007,6.63,6.69,6.58,6.65,1026100
ROCK,23-Oct-2007,17.67,17.8,17.06,17.76,106800
ROLL,23-Oct-2007,40.57,41.24,40.01,41.13,85100
ROST,23-Oct-2007,6.675,6.745,6.46,6.56,1969500
RPRX,23-Oct-2007,12.44,12.7,12.41,12.62,211000
RRGB,23-Oct-2007,40.4,41.01,40.12,40.98,363600
RUSHA,23-Oct-2007,11.52,11.7667,11.06,11.3267,248900
RUSHB,23-Oct-2007,11.0133,11.0133,10.56,10.66,37900
RUTH,23-Oct-2007,13.69,13.71,13.47,13.51,236600
RVSB,23-Oct-2007,13.68,13.77,13.5,13.64,9400
RYAAY,23-Oct-2007,46.47,47.39,46.3,47.26,477700
SAFM,23-Oct-2007,33.31,33.97,33,33.92,472500
SAFT,23-Oct-2007,35.35,35.35,34.42,34.67,108800
SAIA,23-Oct-2007,10.3333,10.3333,10.0467,10.1733,94100
SALM,23-Oct-2007,8.39,8.61,8.31,8.51,31700
SANM,23-Oct-2007,2.21,2.27,2.14,2.27,3022300
SASR,23-Oct-2007,29.87,29.87,27.08,27.54,122600
SBAC,23-Oct-2007,35.12,35.75,35.07,35.4,809500
SBCF,23-Oct-2007,74.65,74.8,70.45,71.4,82700
SBGI,23-Oct-2007,12.48,12.5,12.13,12.25,481100
SBNY,23-Oct-2007,34.77,35.14,34.29,35,221200
SBSI,23-Oct-2007,21.7714,21.7714,20.8571,21.2476,14600
SBUX,23-Oct-2007,13.035,13.07,12.925,13.07,7868100
SCHL,23-Oct-2007,37.81,38.11,37.11,38.03,565700
SCHN,23-Oct-2007,74.71,75.62,73.02,75,389100
SCKT,23-Oct-2007,1.12,1.2,1.11,1.16,55500
SCOR,23-Oct-2007,39.21,39.5,37,38.04,213300
SCSC,23-Oct-2007,31.73,31.73,30.72,31.13,171400
SCVL,23-Oct-2007,10.0133,10.4,9.8333,10.38,141900
SEAC,23-Oct-2007,6.68,6.79,6.59,6.76,72000
SEED,23-Oct-2007,96,97.1,89.2,90.3,893000
SEIC,23-Oct-2007,28.08,28.2,27.77,28.09,481000
SENEA,23-Oct-2007,26.86,26.86,26.86,26.86,0
SENEB,23-Oct-2007,26.74,26.74,26.74,26.74,0
SFBC,23-Oct-2007,24,24.08,23.5,24.04,22900
SFNC,23-Oct-2007,13.415,13.42,12.825,13.385,20100
SFST,23-Oct-2007,18.21,18.21,18.21,18.21,100
SGEN,23-Oct-2007,12,12.01,11.68,12,334800
SGMA,23-Oct-2007,12.47,12.99,12.47,12.8,10800
SGMO,23-Oct-2007,15.23,15.93,15.23,15.92,961000
SGMS,23-Oct-2007,37.33,37.56,36.07,37.16,2128000
SGRP,23-Oct-2007,0.86,0.86,0.85,0.85,15600
SHBI,23-Oct-2007,23.86,23.96,23.61,23.87,900
SHEN,23-Oct-2007,12.295,12.495,11.95,12.12,46400
SHOO,23-Oct-2007,4.4129,4.5373,4.3654,4.4543,789000
SHY,23-Oct-2007,81.34,81.4,81.3,81.37,380000
SIEB,23-Oct-2007,3.4,3.45,3.31,3.45,700
SIFY,23-Oct-2007,8.17,8.73,8.17,8.68,479200
SIGA,23-Oct-2007,4.1,4.1,3.97,3.97,89900
SIGI,23-Oct-2007,22.49,22.49,21.84,22.21,475800
SILC,23-Oct-2007,18.5,18.9,17.26,17.99,556300
SIMO,23-Oct-2007,21.69,22.04,21.44,21.92,487500
SINT,23-Oct-2007,899.7,913.8,873,897.3,46700
SIRI,23-Oct-2007,3.67,3.69,3.61,3.65,28267600
SIVB,23-Oct-2007,47.49,47.67,46.88,47.3,381700
SKYW,23-Oct-2007,26.53,26.99,25.99,26.9,419600
SLAB,23-Oct-2007,41.48,41.57,39.56,41.33,2338100
SLGN,23-Oct-2007,14.245,14.4025,13.815,14.31,205800
SMBC,23-Oct-2007,7.325,7.325,7.325,7.325,0
SMCI,23-Oct-2007,9.72,9.94,9.36,9.85,42900
SMIT,23-Oct-2007,6.17,6.36,6.17,6.29,600
SMMF,23-Oct-2007,17.3,17.99,17.25,17.98,5100
SMSI,23-Oct-2007,59.68,61.52,59.2,61.28,642900
SMTC,23-Oct-2007,19.57,19.59,18.95,19.3,638300
SNCR,23-Oct-2007,44.5,45.46,43,45,1865000
SNFCA,23-Oct-2007,4.7,4.7,4.6,4.65,8500
SNPS,23-Oct-2007,28.1,28.1,27.59,27.86,599300
SOHU,23-Oct-2007,42.06,44.19,41.31,44.14,1083500
SONO,23-Oct-2007,32.49,33.03,31.89,32.55,370300
SPNS,23-Oct-2007,1.59,1.63,1.59,1.63,1100
SPPI,23-Oct-2007,4.18,4.2,4.1,4.1,89900
SPTN,23-Oct-2007,22.92,23.07,22.13,22.67,322600
SPWR,23-Oct-2007,104.5,109.89,103.03,108.37,2627700
SRCE,23-Oct-2007,19.7,19.7,18.62,18.99,41100
SRCL,23-Oct-2007,53.38,54.05,52.75,53.79,586500
SRDX,23-Oct-2007,51.34,52.53,50.69,52.51,99600
SSBI,23-Oct-2007,9.55,9.56,9.52,9.56,2200
SSTI,23-Oct-2007,3.56,3.73,3.55,3.7,1106200
SSYS,23-Oct-2007,29.36,29.44,28.66,29.44,212300
STAA,23-Oct-2007,3.01,3.1,2.93,3.02,155800
STBA,23-Oct-2007,33.08,33.08,32.14,32.86,57400
STFC,23-Oct-2007,30.35,30.35,28.15,28.4,91900
STKL,23-Oct-2007,13.67,13.96,13.55,13.96,248700
STLD,23-Oct-2007,25.97,26.835,25.43,25.76,2434000
STRA,23-Oct-2007,173.57,175.25,171.95,174.68,56500
STRC,23-Oct-2007,6.49,6.49,6.49,6.49,0
STRL,23-Oct-2007,24.25,24.58,23.04,23.84,116500
STRM,23-Oct-2007,3.02,3.02,2.85,2.95,8000
STRN,23-Oct-2007,10.79,11.15,10.67,10.7,19400
STRS,23-Oct-2007,29.7,30.77,29.7,30.48,3500
STRT,23-Oct-2007,43.54,46.88,43.52,46.59,14200
STSA,23-Oct-2007,1550.34,1554.3,1506.78,1545.72,827700
SUMR,23-Oct-2007,46.62,47.16,46.62,46.8,156000
SURG,23-Oct-2007,3.53,3.7,3.53,3.57,57100
SVBI,23-Oct-2007,10.5,10.72,10.19,10.56,52000
SWIM,23-Oct-2007,13.43,13.6,13.23,13.59,393200
SWIR,23-Oct-2007,21.44,21.6,20.99,21.02,1157800
SWKS,23-Oct-2007,8.9,8.96,8.73,8.94,2375600
SYBT,23-Oct-2007,16.8667,16.8667,16.2467,16.7267,32500
SYNA,23-Oct-2007,53.03,54.23,51.68,52.82,1486600
SYNL,23-Oct-2007,17.83,17.99,17,17.28,133800
SYPR,23-Oct-2007,8.56,8.68,8.56,8.65,29500
TACT,23-Oct-2007,6.06,6.17,6.06,6.17,5900
TAIT,23-Oct-2007,1.75,1.75,1.75,1.75,8600
TAST,23-Oct-2007,11.34,11.38,10.98,11,118600
TAYD,23-Oct-2007,7,7.5,7,7.21,6400
TBBK,23-Oct-2007,17.64,17.88,17.29,17.65,25800
TCBI,23-Oct-2007,22.04,22.05,21.4,22.01,134900
TCBK,23-Oct-2007,21.72,21.72,21.07,21.58,20900
TCX,23-Oct-2007,3.96,3.96,3.8,3.92,273000
TEAM,23-Oct-2007,12.99,13.26,12.82,13.05,36800
TECH,23-Oct-2007,64.36,64.84,63.8,64.66,97800
TESS,23-Oct-2007,9.4733,9.7533,9.3867,9.5067,14300
TFSL,23-Oct-2007,12.7,12.73,12.62,12.66,172900
THFF,23-Oct-2007,30.93,30.93,29.67,30.07,9100
THRM,23-Oct-2007,7.83,7.9,7.64,7.74,51800
THRX,23-Oct-2007,24.75,25.05,24,24.13,482600
TLT,23-Oct-2007,90.26,90.52,90.1,90.35,1046500
TOWN,23-Oct-2007,19.2,19.5,18.88,18.88,3500
TPTX,23-Oct-2007,4.68,4.84,4.62,4.77,101700
TRIB,23-Oct-2007,10.6,10.64,10.3,10.58,51500
TRMB,23-Oct-2007,20.73,21.575,20.35,21.525,1003600
TRMD,23-Oct-2007,407.9,415,405.8,411.5,11200
TRMK,23-Oct-2007,26.54,26.54,25.39,25.86,251500
TRNS,23-Oct-2007,5.74,5.74,5.74,5.74,0
TROW,23-Oct-2007,55.45,58.96,55.07,58.73,2103700
TRST,23-Oct-2007,10.35,10.35,10.1,10.3,218500
TRUE,23-Oct-2007,19.36,19.37,19.35,19.35,1900
TSBK,23-Oct-2007,14.75,14.83,14.55,14.79,5200
TSCO,23-Oct-2007,11.4975,11.5625,11.1175,11.21,369200
TSEM,23-Oct-2007,24,24.9,24,24.75,68200
TSRI,23-Oct-2007,4.3,4.35,4.3,4.35,3200
TTEC,23-Oct-2007,26.62,26.64,25.83,26.55,916300
TTEK,23-Oct-2007,21.46,21.91,21.1,21.75,448500
TTGT,23-Oct-2007,15.79,16.49,14.97,16.49,17900
TTMI,23-Oct-2007,12.98,12.98,12.62,12.84,268800
TTWO,23-Oct-2007,19.25,19.25,18.6,18.77,734600
TWIN,23-Oct-2007,30.995,31.12,29.7,30.67,58100
TXN,23-Oct-2007,31.82,31.9,30.74,31.43,58656300
TXRH,23-Oct-2007,11.86,11.88,11.5,11.66,490600
TZOO,23-Oct-2007,20.65,22.15,19.93,19.98,827200
UBCP,23-Oct-2007,10.4,10.4,10.3,10.3,3000
UBFO,23-Oct-2007,17.2,17.56,16.56,17.1,23500
UBOH,23-Oct-2007,14.5,14.5,14.5,14.5,0
UBSI,23-Oct-2007,28.52,28.52,27.76,28.29,149500
UCBI,23-Oct-2007,20.99,21.23,20.37,20.79,625100
UCTT,23-Oct-2007,12.54,13.57,12,13.28,2991500
UEIC,23-Oct-2007,35.75,35.88,34.67,35.06,94700
UEPS,23-Oct-2007,31.4,31.95,31.08,31.95,568800
UFCS,23-Oct-2007,36.75,36.75,34.76,35.32,296900
UFPI,23-Oct-2007,32.01,32.01,31,31.5,260400
UFPT,23-Oct-2007,5.45,5.54,5.45,5.48,6900
UHAL,23-Oct-2007,62.75,64.46,61.27,64.45,98800
ULBI,23-Oct-2007,14.67,14.67,13.13,13.44,330000
UMBF,23-Oct-2007,43.93,43.93,42.68,43.11,207100
UMPQ,23-Oct-2007,17.45,17.45,16.8,16.99,1082300
UNAM,23-Oct-2007,11.28,11.31,11.26,11.31,300
UNTY,23-Oct-2007,10.57,10.57,10.57,10.57,0
URBN,23-Oct-2007,22.55,22.58,21.65,22.13,1648200
USAK,23-Oct-2007,14.13,14.14,14.05,14.08,23000
USAP,23-Oct-2007,34.03,34.99,33.46,34.94,143600
USEG,23-Oct-2007,291.6,303,288.6,300.6,222900
USLM,23-Oct-2007,33.28,33.55,33.25,33.25,700
UTHR,23-Oct-2007,36.24,36.24,35.825,36.135,606900
UTMD,23-Oct-2007,31.31,31.5,31.31,31.41,3400
UTSI,23-Oct-2007,10.95,11.46,10.8,10.98,1850500
UVSP,23-Oct-2007,21.99,22.14,21.54,21.99,13100
VALU,23-Oct-2007,47.31,47.31,46.04,46.58,1600
VBFC,23-Oct-2007,240,240,240,240,500
VECO,23-Oct-2007,17.87,19.14,17.5,19.01,2291600
VIA,23-Oct-2007,39.43,39.92,38.99,39.46,56000
VIAC,23-Oct-2007,7.24,7.24,7.23,7.23,78600
VICR,23-Oct-2007,13.22,13.31,12.75,13.17,154300
VIRC,23-Oct-2007,9.66,10.25,9.5,9.72,40700
VITL,23-Oct-2007,54.75,54.79,53.21,54.06,44400
VIVO,23-Oct-2007,29.15,29.17,27.8,28.31,356400
VLGEA,23-Oct-2007,25.155,26.245,23.875,25.68,10800
VNDA,23-Oct-2007,17.1,17.13,16.07,16.51,605200
VOD,23-Oct-2007,36.88,36.9,36.4,36.5,3836200
VOXX,23-Oct-2007,11.98,11.98,11.24,11.49,172300
VRSN,23-Oct-2007,33.13,34.67,32.78,34.67,3354500
VRTX,23-Oct-2007,31.52,32.26,31.15,32.26,2022500
VSAT,23-Oct-2007,31.25,31.53,30.75,31.51,135000
VSEC,23-Oct-2007,27.435,29.03,27.435,28.205,50000
VSTA,23-Oct-2007,6.38,6.44,6.26,6.35,35600
WABC,23-Oct-2007,47.28,47.32,45.8,46.69,239000
WAFD,23-Oct-2007,24.84,25.05,24.42,24.7,738300
WASH,23-Oct-2007,24.95,24.95,23.71,24.42,61100
WAVE,23-Oct-2007,5.44,5.64,5.25,5.34,90500
WDC,23-Oct-2007,25.2,25.44,24.83,25.37,1485900
WDFC,23-Oct-2007,37.79,38.6,37.79,38.46,118800
WERN,23-Oct-2007,18.39,18.46,17.83,18.44,841700
WEYS,23-Oct-2007,31.16,31.97,30.13,31.1,13100
WILC,23-Oct-2007,5.76,5.88,5.65,5.65,70600
WINA,23-Oct-2007,20,20,20,20,0
WIRE,23-Oct-2007,22.67,23.67,22.6,23.15,729300
WLDN,23-Oct-2007,9.97,9.97,9.97,9.97,0
WLFC,23-Oct-2007,15.85,15.88,14.67,15.09,29600
WOOF,23-Oct-2007,43.84,44.79,43.73,44.5,462200
WRLD,23-Oct-2007,33.56,34.83,32.82,33.5,321900
WSBC,23-Oct-2007,23.39,23.82,22.67,23.28,70600
WSFS,23-Oct-2007,21.55,21.55,20.6133,21.1667,13900
WSTG,23-Oct-2007,13.43,13.5,13.28,13.46,6300
WTBA,23-Oct-2007,14.82,14.82,14.4,14.49,5800
WTFC,23-Oct-2007,35.83,37.27,35.5,37.07,360500
WVFC,23-Oct-2007,16.6,16.6,16.6,16.6,0
WVVI,23-Oct-2007,5.94,6.19,5.94,6.11,9500
WYNN,23-Oct-2007,156.55,158.5,155.05,158.5,1543000
XLNX,23-Oct-2007,25.73,26.1,25.52,26.08,5961700
XOMA,23-Oct-2007,75.8,77,74.6,75.4,1567800
XRAY,23-Oct-2007,41.5,41.74,40.22,41.61,932700
XRTX,23-Oct-2007,17.62,17.62,17.1,17.54,101600
XTLB,23-Oct-2007,7.85,8,7.75,7.95,21200
YORW,23-Oct-2007,16.75,16.94,16.7,16.9,8600
ZBRA,23-Oct-2007,37.74,38.47,36.09,36.98,767300
ZEUS,23-Oct-2007,27.13,27.54,26.56,27.01,69400
ZION,23-Oct-2007,60.46,61.46,60.35,61.04,927100
ZIOP,23-Oct-2007,3.5,3.5,3.4,3.48,11900
ZIXI,23-Oct-2007,2.79,2.86,2.77,2.83,348300
ZUMZ,23-Oct-2007,44.68,44.97,42.33,43.37,681300
