Symbol,Date,Open,High,Low,Close,Volume
AAL,26-Jun-2014,43.96,44.6,43.5,44.55,11175000
AAME,26-Jun-2014,3.93,3.97,3.82,3.92,3500
AAOI,26-Jun-2014,23.27,23.43,22.63,22.68,109700
AAON,26-Jun-2014,21.9267,21.9467,21.6133,21.8467,67200
AAPL,26-Jun-2014,22.5925,22.7625,22.45,22.725,32629300
AAWW,26-Jun-2014,36.95,36.95,35.98,36.32,250200
AAXJ,26-Jun-2014,62.74,62.74,62.32,62.51,437200
ABCB,26-Jun-2014,21.5,21.59,21.17,21.48,22400
ABIO,26-Jun-2014,181.44,183.96,180.18,180.18,68100
ABMD,26-Jun-2014,24,24.55,23.85,24.52,265300
ACAD,26-Jun-2014,23.13,23.13,22.61,22.81,686400
ACET,26-Jun-2014,17.9,17.99,17.59,17.78,173500
ACGL,26-Jun-2014,19.0767,19.0933,18.9233,19.03,221400
ACHC,26-Jun-2014,47.22,47.22,46,46.6,250400
ACIW,26-Jun-2014,18.32,18.32,18.0333,18.1567,129200
ACLS,26-Jun-2014,7.68,7.88,7.56,7.6,339600
ACNB,26-Jun-2014,19.7,19.7,19.67,19.7,700
ACOR,26-Jun-2014,33.73,34.12,32.92,33.49,367500
ACRX,26-Jun-2014,10.07,10.2,9.92,10.15,420100
ACST,26-Jun-2014,11,11.3,10.6,10.9,380000
ACTG,26-Jun-2014,16.75,16.97,16.39,16.82,211200
ACWI,26-Jun-2014,60.01,60.11,59.7,60.1,510100
ACWX,26-Jun-2014,47.82,47.94,47.62,47.92,172600
ADBE,26-Jun-2014,72.44,72.9,72.18,72.85,2075300
ADES,26-Jun-2014,22.49,22.56,21.65,22.12,112600
ADI,26-Jun-2014,53.75,53.76,53.07,53.55,1481700
ADMP,26-Jun-2014,4.77,4.78,4.5,4.78,176300
ADMS,26-Jun-2014,19.37,19.69,18.06,18.65,44100
ADP,26-Jun-2014,69.605,69.605,69.0342,69.4557,878100
ADRE,26-Jun-2014,38.89,39,38.86,38.98,7700
ADSK,26-Jun-2014,55.88,56.26,55.44,56.25,1069200
ADTN,26-Jun-2014,21.9,22.11,21.51,22.03,262900
ADUS,26-Jun-2014,23,23,22.44,22.75,20100
ADXS,26-Jun-2014,48.3,48.75,47.55,48.3,49200
AEHR,26-Jun-2014,2.11,2.13,2.11,2.11,3900
AEIS,26-Jun-2014,18.5,18.73,18.4,18.55,232300
AERI,26-Jun-2014,26.98,27.95,26.31,26.98,841600
AEY,26-Jun-2014,2.83,2.83,2.8,2.8,15700
AEZS,26-Jun-2014,113,114,109,111,556500
AGEN,26-Jun-2014,3.91,3.95,3.45,3.57,3308500
AGIO,26-Jun-2014,43.92,44.13,42.32,44,217600
AGNC,26-Jun-2014,23.18,23.42,23.07,23.34,4460300
AGNCP,26-Jun-2014,26.43,26.59,26.4,26.5,10200
AGRX,26-Jun-2014,10.25,10.3,9.07,9.62,259600
AGTC,26-Jun-2014,30.3,30.45,27.85,28.21,49900
AGYS,26-Jun-2014,14.1,14.11,13.97,14,60800
AGZD,26-Jun-2014,49.93,49.93,49.93,49.93,100
AHPI,26-Jun-2014,2.27,2.48,2.27,2.48,13800
AIMC,26-Jun-2014,36.82,36.82,36.3,36.73,81200
AINV,26-Jun-2014,25.17,25.41,25.05,25.29,3525000
AIQ,26-Jun-2014,27.3,28.11,26.96,27.51,16700
AIRR,26-Jun-2014,19.14,19.41,19.14,19.17,12300
AIRT,26-Jun-2014,13.24,13.24,12.81,13.06,3300
AKAM,26-Jun-2014,61.36,61.44,60.4,61.03,1209400
AKBA,26-Jun-2014,28.52,29.12,27.99,29.06,138400
ALCO,26-Jun-2014,38.64,38.64,37.25,37.48,8000
ALDX,26-Jun-2014,6.72,6.72,6.57,6.65,6600
ALGN,26-Jun-2014,55.18,55.18,54.08,55.13,1458800
ALGT,26-Jun-2014,118.9,119.54,117.04,118.08,93200
ALIM,26-Jun-2014,6.01,6.14,5.8,6.09,88100
ALKS,26-Jun-2014,50.58,50.58,49.56,50.1,270000
ALLT,26-Jun-2014,12.7,13.03,12.5,13,191200
ALNY,26-Jun-2014,67.02,67.49,64.08,64.19,825100
ALOT,26-Jun-2014,13.99,13.99,13.27,13.59,11800
ALTR,26-Jun-2014,34.83,34.83,34.1,34.49,1478400
AMAT,26-Jun-2014,22.6,22.64,22.16,22.42,12812700
AMBA,26-Jun-2014,32.5,32.5,30.2,31.04,2558000
AMCX,26-Jun-2014,60.99,61.41,60.16,60.51,546800
AMD,26-Jun-2014,3.95,4.09,3.94,4.03,21640400
AMED,26-Jun-2014,13.41,13.46,13.25,13.45,145400
AMGN,26-Jun-2014,119.96,119.97,117.48,119.14,2311400
AMKR,26-Jun-2014,11.07,11.21,10.87,11.01,1400600
AMNB,26-Jun-2014,22.05,22.1,21.62,21.97,16500
AMOT,26-Jun-2014,14.71,14.74,14.13,14.34,26200
AMPH,26-Jun-2014,9,11.07,8.8,10.01,1412900
AMRK,26-Jun-2014,11.31,11.45,11.01,11.39,8500
AMRN,26-Jun-2014,1.75,1.76,1.65,1.67,2565800
AMRS,26-Jun-2014,58.35,59.1,57.3,58.05,55600
AMSC,26-Jun-2014,14.5,14.9,14.4,14.6,434600
AMSF,26-Jun-2014,39.56,39.88,38.23,39.75,40800
AMSWA,26-Jun-2014,9.6,9.81,9.52,9.8,70900
AMTX,26-Jun-2014,9.47,9.68,9.1,9.2,44400
AMWD,26-Jun-2014,31.85,31.95,31.39,31.81,62700
AMZN,26-Jun-2014,328.49,328.65,322.13,325.69,2699900
ANAT,26-Jun-2014,113.01,114.43,111.89,114.07,11000
ANDE,26-Jun-2014,50.8,51.56,50.29,50.56,212400
ANGI,26-Jun-2014,11.9,11.99,11.61,11.98,748800
ANGO,26-Jun-2014,15.9,16.12,15.9,16.02,74500
ANIK,26-Jun-2014,46.49,47.19,45.54,47.03,251100
ANIP,26-Jun-2014,35.88,36.3,35.81,36.11,120200
ANSS,26-Jun-2014,73.91,74.37,73.1,74.05,953800
AOSL,26-Jun-2014,9.26,9.29,9.17,9.27,56700
APEI,26-Jun-2014,34.29,34.29,33.7,33.99,46200
APOG,26-Jun-2014,34.26,34.53,33.55,34.51,182000
APWC,26-Jun-2014,2.49,2.55,2.49,2.55,200
ARAY,26-Jun-2014,8.97,9.03,8.81,8.88,453200
ARCB,26-Jun-2014,42.32,42.88,41.92,42.63,153800
ARCC,26-Jun-2014,17.14,17.53,17.12,17.47,3669000
ARDX,26-Jun-2014,15.45,15.95,15.23,15.73,40100
ARKR,26-Jun-2014,21.2,21.49,21.2,21.47,2400
ARLP,26-Jun-2014,46.78,46.78,46.31,46.42,122600
ARNA,26-Jun-2014,59.4,61.2,57.8,58.3,3002900
AROW,26-Jun-2014,25.57,25.74,25.51,25.64,11900
ARRY,26-Jun-2014,4.32,4.35,4.21,4.27,837800
ARTNA,26-Jun-2014,22.4,22.7,22.4,22.53,6500
ARTW,26-Jun-2014,5.9,5.92,5.82,5.82,8400
ARWR,26-Jun-2014,13.49,14.28,13.39,14.22,1562200
ASML,26-Jun-2014,92.23,92.35,91.2,92.21,576400
ASPS,26-Jun-2014,113.82,114.53,110.68,114,158500
ASRV,26-Jun-2014,3.44,3.51,3.43,3.49,6300
ASTC,26-Jun-2014,3.15,3.33,3.14,3.24,100500
ASTE,26-Jun-2014,42.77,42.77,42.22,42.44,42100
ASUR,26-Jun-2014,6.1,6.1,5.97,6.05,2900
ASYS,26-Jun-2014,11.49,12.48,11.41,12.06,60800
ATAI,26-Jun-2014,4.4,4.63,4.4,4.51,18100
ATAX,26-Jun-2014,6.01,6.04,5.97,6.01,126800
ATEC,26-Jun-2014,16.2,16.68,16.08,16.56,407400
ATHX,26-Jun-2014,1.65,1.66,1.6,1.66,284500
ATLC,26-Jun-2014,2.73,2.98,2.73,2.9,1700
ATLO,26-Jun-2014,22.06,22.74,21.89,22.38,9500
ATNI,26-Jun-2014,55.51,55.92,55.45,55.7,32800
ATOS,26-Jun-2014,295.2,298.8,286.2,289.8,109500
ATRC,26-Jun-2014,18.9,19,18.74,18.9,74200
ATRI,26-Jun-2014,320.32,324.96,319.99,324.18,5300
ATRO,26-Jun-2014,58.16,60.08,57.6,59.99,177200
ATRS,26-Jun-2014,2.7,2.76,2.69,2.71,1591200
ATSG,26-Jun-2014,8.37,8.4,8.16,8.25,116800
ATVI,26-Jun-2014,21.98,22.07,21.74,21.8,7037400
AUBN,26-Jun-2014,24.32,24.42,24.32,24.42,600
AUDC,26-Jun-2014,6.69,7.04,6.69,6.97,157500
AVAV,26-Jun-2014,31.87,31.92,31.22,31.38,183800
AVEO,26-Jun-2014,16.2,17.3,16.2,16.4,1908800
AVGO,26-Jun-2014,71.72,71.87,70.38,70.96,812600
AVNW,26-Jun-2014,14.4,14.76,13.8,14.64,467300
AWRE,26-Jun-2014,5.6,5.72,5.58,5.68,48400
AXDX,26-Jun-2014,29.31,30.76,29.16,30.54,159300
AXGN,26-Jun-2014,2.74,2.88,2.71,2.78,21200
AXTI,26-Jun-2014,2.2,2.2,2.12,2.16,44600
AZPN,26-Jun-2014,45.86,46.15,45.17,45.49,323600
BANF,26-Jun-2014,62,62.9,61.42,62.01,16400
BANFP,26-Jun-2014,27,27,27,27,0
BANR,26-Jun-2014,39.62,39.77,38.9,39.66,48300
BANX,26-Jun-2014,25.1,25.58,24.97,25.53,24800
BBBY,26-Jun-2014,56.5,56.88,54.96,56.7,19204500
BBGI,26-Jun-2014,5.31,5.81,5.31,5.44,11200
BBSI,26-Jun-2014,46.6,46.93,45.78,46.35,120700
BCBP,26-Jun-2014,13.5,13.51,13.49,13.51,3400
BCOR,26-Jun-2014,19.05,19.05,18.59,18.76,179900
BCOV,26-Jun-2014,10.17,10.47,10.15,10.38,207600
BCPC,26-Jun-2014,54.2,54.2,52.74,53.06,52400
BCRX,26-Jun-2014,12.23,12.54,12.07,12.43,903000
BDSI,26-Jun-2014,12.22,12.22,11.95,12.05,361600
BECN,26-Jun-2014,33.18,33.19,32.79,33.02,464800
BELFA,26-Jun-2014,24.42,24.42,24.42,24.42,300
BELFB,26-Jun-2014,25.78,25.78,24.75,24.88,25600
BFIN,26-Jun-2014,10.67,10.78,10.6,10.76,60000
BGCP,26-Jun-2014,7.57,7.62,7.51,7.61,939000
BGFV,26-Jun-2014,12.35,12.35,11.98,12.23,126500
BIB,26-Jun-2014,46.01,46.26,44.995,46.25,126900
BICK,26-Jun-2014,26.45,26.45,26.45,26.45,0
BIDU,26-Jun-2014,184.46,185.9,182.34,183.71,2145400
BIIB,26-Jun-2014,290.7764,294.645,288.188,293.4936,1027500
BIOC,26-Jun-2014,196.5,202.2,195,201.9,10400
BIOL,26-Jun-2014,9.75,10.2,9.5,9.9,273700
BIS,26-Jun-2014,14.23,14.66,14.23,14.3,297300
BJRI,26-Jun-2014,35.14,35.37,34.78,34.89,425000
BKCC,26-Jun-2014,8.87,9.17,8.81,9.11,1447800
BKEP,26-Jun-2014,9.1,9.21,9.05,9.15,2000
BKEPP,26-Jun-2014,9.95,9.98,9.85,9.85,1800
BKSC,26-Jun-2014,15.03,15.03,15,15.01,1200
BLDP,26-Jun-2014,4.05,4.21,3.94,4.13,3543900
BLFS,26-Jun-2014,1.97,2.04,1.75,1.89,119900
BLIN,26-Jun-2014,220,230,220,225,7800
BLKB,26-Jun-2014,35.67,35.68,35.12,35.56,85500
BLMN,26-Jun-2014,23,23.13,22.57,22.64,966300
BLRX,26-Jun-2014,31.8,32.25,31.05,31.65,10500
BLUE,26-Jun-2014,40,41.22,39.02,40.18,393900
BMRC,26-Jun-2014,22.305,22.495,22.3,22.42,6800
BMRN,26-Jun-2014,62.45,62.94,61.31,62.69,542000
BMTC,26-Jun-2014,29.52,29.77,29.09,29.37,12700
BNDX,26-Jun-2014,51.41,51.43,51.35,51.42,141000
BNFT,26-Jun-2014,44.65,47.18,44.53,46.67,114900
BNSO,26-Jun-2014,1.97,2.1,1.91,2.05,19100
BOKF,26-Jun-2014,65.49,66.4,64.49,66.15,157300
BOLT,26-Jun-2014,16.99,17.42,16.95,17.16,50500
BOOM,26-Jun-2014,22.16,22.47,21.89,22.13,37100
BOSC,26-Jun-2014,4,4,3.72,3.72,13600
BOTJ,26-Jun-2014,8.86,8.86,8.86,8.86,0
BPOP,26-Jun-2014,33.5,33.65,32.77,33.38,684200
BPOPM,26-Jun-2014,21.7,21.7,21.7,21.7,0
BPOPN,26-Jun-2014,22.84,22.84,22.76,22.76,600
BPTH,26-Jun-2014,622,626,602,610,305400
BRID,26-Jun-2014,8,8,8,8,200
BRKL,26-Jun-2014,9.34,9.37,9.2,9.36,96800
BRKR,26-Jun-2014,24.39,24.82,24.02,24.18,635900
BRKS,26-Jun-2014,9.92,9.94,9.73,9.92,197300
BRLI,26-Jun-2014,29.43,29.59,28.94,29.45,206300
BSET,26-Jun-2014,12.12,12.29,11.98,12.12,40100
BSQR,26-Jun-2014,3.25,3.29,3.24,3.25,13200
BSRR,26-Jun-2014,15.8,15.82,15.48,15.57,8600
BUSE,26-Jun-2014,5.74,5.79,5.68,5.78,39900
BWEN,26-Jun-2014,9.16,9.16,8.65,8.86,102700
BWFG,26-Jun-2014,16.75,16.75,16.3,16.42,11500
BYFC,26-Jun-2014,1.5,1.55,1.34,1.55,3500
CAAS,26-Jun-2014,8.79,8.85,8.67,8.79,49500
CAC,26-Jun-2014,38.54,38.75,38.25,38.63,8000
CACC,26-Jun-2014,124.4,124.4,122.8,123.51,22900
CACG,26-Jun-2014,9.99,9.99,9.99,9.99,0
CAKE,26-Jun-2014,47.02,47.15,46.74,47.12,745800
CALM,26-Jun-2014,36.23,36.565,36,36.505,79800
CAMP,26-Jun-2014,21.28,21.45,20.59,21.17,782900
CAMT,26-Jun-2014,3.22,3.36,3.2,3.35,95900
CAR,26-Jun-2014,57.82,58.81,57.65,58.68,1021200
CARA,26-Jun-2014,16.25,16.37,15.75,15.93,31100
CARV,26-Jun-2014,10.25,10.25,10.25,10.25,0
CARZ,26-Jun-2014,40.8,40.85,40.56,40.85,10500
CASH,26-Jun-2014,13.3767,13.38,13.23,13.2767,11200
CASI,26-Jun-2014,1.8,1.82,1.8,1.82,4300
CASS,26-Jun-2014,50.75,50.75,49.42,49.57,23100
CASY,26-Jun-2014,69.4,69.71,69.13,69.48,145300
CATY,26-Jun-2014,25.45,25.47,25.05,25.41,214800
CBAN,26-Jun-2014,6.06,6.3,6,6.06,16700
CBAY,26-Jun-2014,6.5,6.5,6.5,6.5,100
CBNK,26-Jun-2014,16.71,16.83,16.71,16.71,1500
CBRL,26-Jun-2014,100.34,100.65,99.21,100.4,117500
CBSH,26-Jun-2014,45.73,46.31,45.43,46.12,319100
CCBG,26-Jun-2014,13.74,13.94,13.7,13.84,16300
CCMP,26-Jun-2014,43.99,44.41,43.48,44.3,90500
CCNE,26-Jun-2014,16.54,16.85,16.52,16.72,8800
CCOI,26-Jun-2014,33.6,33.66,32.88,33.49,475300
CCRN,26-Jun-2014,6.95,6.95,6.58,6.68,155400
CCXI,26-Jun-2014,5.62,5.65,5.29,5.46,149700
CDNS,26-Jun-2014,17.37,17.42,17.31,17.39,2234600
CDW,26-Jun-2014,32.3,32.41,31.89,32.05,628000
CDXS,26-Jun-2014,1.57,1.57,1.48,1.5,5200
CDZI,26-Jun-2014,8.44,8.45,8.23,8.3,11300
CECE,26-Jun-2014,15.5,15.5,15.03,15.37,42200
CEMI,26-Jun-2014,3.43,3.44,3.4,3.43,5700
CENT,26-Jun-2014,9.31,9.4,9.18,9.25,140100
CENTA,26-Jun-2014,9.33,9.49,9.16,9.35,244700
CENX,26-Jun-2014,15.5,15.72,15.23,15.58,448200
CERE,26-Jun-2014,5.52,5.52,5.28,5.28,110800
CERN,26-Jun-2014,51.99,52.23,51.45,51.7,2041100
CERS,26-Jun-2014,4.12,4.14,4.02,4.06,351800
CEVA,26-Jun-2014,14.73,14.87,14.45,14.67,48200
CFBK,26-Jun-2014,8.25,8.305,8.14,8.195,2500
CFFI,26-Jun-2014,34.41,34.49,33,33.39,17100
CFFN,26-Jun-2014,12.02,12.07,11.88,12.02,502100
CG,26-Jun-2014,34.01,34.34,33.54,34.3,314600
CGEN,26-Jun-2014,9.34,9.34,8.95,8.99,161300
CGNX,26-Jun-2014,19.025,19.125,18.635,18.755,395900
CGO,26-Jun-2014,14.79,14.94,14.7,14.88,40200
CHCI,26-Jun-2014,1.16,1.3,1.16,1.26,164500
CHCO,26-Jun-2014,44.9,45.04,44.41,44.91,24700
CHDN,26-Jun-2014,29.61,29.7967,29.61,29.7,33000
CHEF,26-Jun-2014,19.96,20.04,19.65,19.79,62800
CHI,26-Jun-2014,13.94,14.16,13.93,14.15,259400
CHKP,26-Jun-2014,66.58,66.86,66.07,66.15,921600
CHMG,26-Jun-2014,27.35,28.42,27.05,27.31,8900
CHNR,26-Jun-2014,3.25,3.41,3.24,3.32,6600
CHRW,26-Jun-2014,63.47,63.73,62.88,63.73,949000
CHSCN,26-Jun-2014,27.41,27.41,27.3,27.31,12200
CHSCO,26-Jun-2014,29.5,29.64,29.5,29.55,13200
CHSCP,26-Jun-2014,31.68,31.72,31.57,31.61,5800
CHTR,26-Jun-2014,151.83,152.33,150.86,152,544700
CHUY,26-Jun-2014,34.84,35.8,34.68,35.74,199000
CHW,26-Jun-2014,9.73,9.76,9.66,9.76,156600
CHY,26-Jun-2014,14.78,14.98,14.75,14.98,160100
CIDM,26-Jun-2014,25.5,28.2,24.5,26.5,1157200
CINF,26-Jun-2014,48.14,48.17,47.67,47.89,357200
CIZN,26-Jun-2014,18.45,18.53,18.45,18.52,1300
CJJD,26-Jun-2014,1.51,1.53,1.44,1.52,170600
CLDX,26-Jun-2014,259.95,260.55,247.65,251.25,1103200
CLFD,26-Jun-2014,18.59,18.83,18.2,18.53,171900
CLIR,26-Jun-2014,9.2,9.45,8.8,9.38,54700
CLMT,26-Jun-2014,31.42,31.72,31.25,31.68,149000
CLNE,26-Jun-2014,11.42,11.55,11.32,11.4,867000
CLRO,26-Jun-2014,9.46,10,9.46,9.99,16500
CLSN,26-Jun-2014,3.3,3.47,3.3,3.42,148400
CLVS,26-Jun-2014,41.65,42.48,41.24,41.56,380000
CLWT,26-Jun-2014,2.7333,2.78,2.7133,2.78,3600
CMCO,26-Jun-2014,27.35,27.35,26.8,27.2,53200
CMCSA,26-Jun-2014,26.59,26.82,26.525,26.8,9388300
CMCT,26-Jun-2014,22.24,22.73,22.24,22.59,5100
CME,26-Jun-2014,70.53,70.65,69.86,70.5,785600
CMLS,26-Jun-2014,51.2,52.88,50.96,52.24,2375400
CMRX,26-Jun-2014,22.81,22.92,22.16,22.67,197200
CMTL,26-Jun-2014,37.25,37.25,36.65,36.92,132700
CNBKA,26-Jun-2014,34.76,35.47,34.76,35.23,2100
CNCE,26-Jun-2014,9.25,10.14,9,9.6,215800
CNET,26-Jun-2014,0.81,0.84,0.81,0.81,9400
CNOB,26-Jun-2014,19,19.2,18.91,19.15,47500
CNSL,26-Jun-2014,21.79,21.94,21.61,21.93,193800
CNTY,26-Jun-2014,5.84,5.89,5.77,5.83,41900
COCO,26-Jun-2014,0.34,0.34,0.29,0.3,4307000
COHR,26-Jun-2014,65.77,65.77,64.41,65.12,131500
COHU,26-Jun-2014,10.7,10.7,10.51,10.56,29200
COKE,26-Jun-2014,73.8,74.1,72.92,73.6,12600
COLB,26-Jun-2014,26.51,26.69,26.11,26.31,154300
COLM,26-Jun-2014,41.33,41.55,41.09,41.46,51400
COMM,26-Jun-2014,23.37,23.47,23.03,23.29,706100
CONE,26-Jun-2014,24.53,24.89,24.08,24.82,429900
CONN,26-Jun-2014,48.39,49.24,47.75,48.69,461600
COOL,26-Jun-2014,10.26,10.5,10.26,10.5,11700
CORT,26-Jun-2014,2.88,2.93,2.7,2.73,215700
COST,26-Jun-2014,116.24,116.5,115.28,115.64,1252000
COWN,26-Jun-2014,4.29,4.29,4.18,4.24,589000
CPHC,26-Jun-2014,10.72,11.15,10.52,10.9,2300
CPIX,26-Jun-2014,4.43,4.5,4.43,4.46,8100
CPLP,26-Jun-2014,11.11,11.21,10.96,11.19,518500
CPRT,26-Jun-2014,17.63,17.71,17.47,17.6,287500
CPRX,26-Jun-2014,2.46,2.5,2.36,2.48,390800
CPSI,26-Jun-2014,62.49,62.75,61.65,62.26,42300
CPSS,26-Jun-2014,7.8,7.95,7.69,7.82,84400
CRAI,26-Jun-2014,22.7,22.7,22.3,22.59,15500
CREG,26-Jun-2014,188,194,162,172,1311400
CRESW,26-Jun-2014,0.05,0.05,0.05,0.05,169100
CRESY,26-Jun-2014,12.67,12.75,12.25,12.41,71600
CRIS,26-Jun-2014,8.5,8.65,8.25,8.3,853300
CRMT,26-Jun-2014,36.76,37.59,36.76,37.49,17700
CRNT,26-Jun-2014,2.44,2.49,2.4,2.48,85800
CROX,26-Jun-2014,14.73,14.76,14.52,14.6,557000
CRTO,26-Jun-2014,34.09,34.62,33,33.45,94000
CRUS,26-Jun-2014,23.55,23.62,23,23.1,2778900
CRVL,26-Jun-2014,44.67,45,43.99,44.71,42900
CRWS,26-Jun-2014,7.94,8.17,7.93,7.94,17300
CSCO,26-Jun-2014,24.66,24.81,24.48,24.65,19134700
CSGP,26-Jun-2014,156.36,158.74,153.05,158.18,260100
CSGS,26-Jun-2014,25.53,25.53,25.31,25.48,147300
CSII,26-Jun-2014,31.13,31.29,30.53,31.29,118500
CSIQ,26-Jun-2014,29.53,30.23,29.22,29.79,4044900
CSOD,26-Jun-2014,45.56,46.01,45.16,45.99,404700
CSPI,26-Jun-2014,6.75,6.99,6.74,6.99,12700
CSQ,26-Jun-2014,11.89,11.94,11.79,11.92,350100
CSTE,26-Jun-2014,48.38,48.86,47.91,48.41,193900
CSWC,26-Jun-2014,35.64,36.1,35.41,35.9,122900
CSX,26-Jun-2014,30.66,30.66,30.27,30.65,5671600
CTAS,26-Jun-2014,63.1,63.33,62.51,62.65,280000
CTBI,26-Jun-2014,34.2,34.5,33.94,34.43,26300
CTG,26-Jun-2014,15.14,15.5,15.04,15.45,33600
CTHR,26-Jun-2014,2.13,2.24,2.13,2.17,56200
CTIB,26-Jun-2014,4.71,4.76,4.71,4.76,600
CTIC,26-Jun-2014,28.8,29.4,28.1,28.9,1176000
CTRE,26-Jun-2014,18.54,19.21,18.54,19.02,57600
CTRN,26-Jun-2014,21.07,21.32,20.42,21.28,114600
CTSH,26-Jun-2014,49.9,49.9,48.56,49.39,2803400
CTXS,26-Jun-2014,51.6561,51.6561,50.7086,51.242,1882400
CUBA,26-Jun-2014,8.1,8.12,8.06,8.09,7800
CUTR,26-Jun-2014,9.77,9.78,9.48,9.57,71400
CVBF,26-Jun-2014,16.16,16.27,15.9,16.25,230700
CVCO,26-Jun-2014,83.98,84.09,82.35,83.82,35400
CVCY,26-Jun-2014,11.84,11.84,11.61,11.63,400
CVGI,26-Jun-2014,10.3,10.35,10.11,10.29,162300
CVGW,26-Jun-2014,33.57,34.16,33.57,33.76,18800
CVLT,26-Jun-2014,48.52,48.68,47.86,48.34,263000
CVLY,26-Jun-2014,20.75,21.4,20.7,20.79,1900
CVV,26-Jun-2014,12.13,12.2,11.93,12.12,9400
CWBC,26-Jun-2014,6.61,6.61,6.61,6.61,400
CWCO,26-Jun-2014,11.58,11.69,11.25,11.45,197000
CWST,26-Jun-2014,5.25,5.3,5,5.07,188800
CXDC,26-Jun-2014,7.93,8.03,7.79,7.88,283800
CYAN,26-Jun-2014,4.6,4.64,4.59,4.64,5000
CYBE,26-Jun-2014,7.98,7.99,7.82,7.87,3400
CYCC,26-Jun-2014,736.8,756,722.4,729.6,78400
CYCCP,26-Jun-2014,8.09,8.18,8.08,8.18,900
CYRN,26-Jun-2014,2.91,2.94,2.88,2.93,8000
CYTK,26-Jun-2014,4.9,4.91,4.73,4.77,1090000
CZNC,26-Jun-2014,19.06,19.1,18.82,18.96,8800
CZR,26-Jun-2014,17.69,18.18,17.42,17.72,819900
CZWI,26-Jun-2014,8.47,8.47,8.26,8.42,1500
DAIO,26-Jun-2014,2.92,2.92,2.91,2.91,2900
DAKT,26-Jun-2014,12,12,11.8,11.94,125000
DCOM,26-Jun-2014,15.87,15.87,15.61,15.75,58700
DCTH,26-Jun-2014,43.2,43.68,43.2,43.36,36500
DENN,26-Jun-2014,6.57,6.61,6.51,6.53,263800
DGICA,26-Jun-2014,15.41,15.46,15.22,15.34,9600
DGICB,26-Jun-2014,22.02,22.02,20.82,20.82,200
DGII,26-Jun-2014,8.92,9.1,8.83,9.04,35000
DGLY,26-Jun-2014,3.36,3.36,3.2,3.24,4100
DGRE,26-Jun-2014,26.33,26.37,26.26,26.34,5700
DGRS,26-Jun-2014,28.33,28.41,28.33,28.41,2300
DGRW,26-Jun-2014,28.98,28.98,28.83,28.94,12000
DHIL,26-Jun-2014,127.62,127.62,126,126.88,5100
DIOD,26-Jun-2014,28.86,28.86,27.89,28.45,243700
DISCA,26-Jun-2014,73.12,73.88,71.81,72.89,3970000
DISCB,26-Jun-2014,73.96,73.96,72.66,72.66,1100
DISCK,26-Jun-2014,36.665,36.665,35.455,36.04,524300
DISH,26-Jun-2014,63.34,64.16,62.26,63.76,1986100
DJCO,26-Jun-2014,214.1,214.1,214.1,214.1,1700
DLHC,26-Jun-2014,1.84,1.94,1.8,1.82,9500
DLTR,26-Jun-2014,53.81,53.81,53.11,53.66,1452300
DMLP,26-Jun-2014,30,30.1,29.88,30.07,23500
DMRC,26-Jun-2014,33.42,33.6,32.48,33.04,27000
DORM,26-Jun-2014,48.08,48.47,47.53,48.41,215500
DOX,26-Jun-2014,46.5,46.61,45.63,46.43,2017500
DRIV,26-Jun-2014,15.38,15.55,15.08,15.21,152600
DRNA,26-Jun-2014,18.31,19.25,18.18,19.2,246000
DRRX,26-Jun-2014,1.57,1.59,1.56,1.57,158000
DSGX,26-Jun-2014,14.13,14.33,13.58,13.6,248900
DSPG,26-Jun-2014,8.56,8.64,8.45,8.63,30300
DSWL,26-Jun-2014,2.05,2.08,2.05,2.08,49600
DVAX,26-Jun-2014,15.8,15.9,15.4,15.7,1017000
DWSN,26-Jun-2014,29.42,29.57,28.76,29.48,13200
DXCM,26-Jun-2014,40.88,40.98,40.15,40.4,559600
DXGE,26-Jun-2014,27.76,27.8,27.59,27.8,1600
DXJS,26-Jun-2014,30.23,30.23,30.02,30.19,19500
DXLG,26-Jun-2014,5.24,5.26,5.16,5.22,162500
DXPE,26-Jun-2014,74.47,75.8,74.04,75.01,260500
DXYN,26-Jun-2014,11.05,11.14,10.76,11.02,85600
DYNT,26-Jun-2014,3.7,3.7,3.7,3.7,0
EA,26-Jun-2014,36.56,36.58,36.12,36.27,2194500
EAC,26-Jun-2014,15.88,16.27,15.11,15.31,24000
EBAY,26-Jun-2014,20.8421,20.9137,20.6442,20.8295,8076400
EBIX,26-Jun-2014,14.44,14.54,14.21,14.4,331600
EBMT,26-Jun-2014,10.45,10.45,10.45,10.45,0
EBSB,26-Jun-2014,10.5596,10.674,10.5392,10.5842,49200
EBTC,26-Jun-2014,19.86,20.44,19.71,20.01,10000
ECHO,26-Jun-2014,19.07,19.07,18.62,18.88,94100
ECOL,26-Jun-2014,48.15,48.51,47.42,48.29,77200
ECPG,26-Jun-2014,45.15,45.15,44.69,45.02,90100
EDAP,26-Jun-2014,4.32,4.4,4.17,4.4,340100
EDUC,26-Jun-2014,1.975,1.975,1.95,1.95,1800
EEFT,26-Jun-2014,48.36,48.42,47.55,48.37,168900
EEMA,26-Jun-2014,58.69,58.69,58.69,58.69,0
EFSC,26-Jun-2014,18.05,18.06,17.95,17.99,7100
EGAN,26-Jun-2014,6.58,6.58,6.36,6.4,83800
EGBN,26-Jun-2014,32.95,33.6,32.95,33.52,41500
EGLE,26-Jun-2014,7912.8,7988.4,7736.4,7862.4,87900
EGRX,26-Jun-2014,12.96,13.47,12.78,13.07,135500
EHTH,26-Jun-2014,37.08,38.07,36.97,37.55,286700
ELSE,26-Jun-2014,4.25,4.25,4.25,4.25,0
ELTK,26-Jun-2014,1.57,1.57,1.48,1.49,12400
EMCB,26-Jun-2014,77.88,78.43,77.88,78.18,4800
EMCF,26-Jun-2014,26.21,26.61,24.54,26.61,1500
EMIF,26-Jun-2014,35.42,35.67,35.35,35.43,5900
EMKR,26-Jun-2014,3.98,4.07,3.93,3.97,58100
EML,26-Jun-2014,15.49,15.59,15.39,15.52,12900
ENDP,26-Jun-2014,71.42,72.1,70.05,70.66,1063900
ENG,26-Jun-2014,3.12,3.19,3.06,3.14,72400
ENPH,26-Jun-2014,8.49,8.65,8.42,8.5,150600
ENSG,26-Jun-2014,15.25,15.43,15.155,15.34,91000
ENTA,26-Jun-2014,44.94,45.3,43.83,44.47,125200
ENTG,26-Jun-2014,13.59,13.59,13.12,13.33,772600
ENVI,26-Jun-2014,2.19,2.23,2.19,2.23,4900
EPAY,26-Jun-2014,30.14,30.32,30,30.22,218900
EPZM,26-Jun-2014,28.23,29.09,27.96,28.96,248100
EQIX,26-Jun-2014,208.5,210.23,204.61,208.67,1351600
ERIC,26-Jun-2014,11.97,12.02,11.91,12,3903900
ERIE,26-Jun-2014,74.7,74.7,73.75,73.95,16600
ERII,26-Jun-2014,5.29,5.49,5.25,5.44,267800
ESBK,26-Jun-2014,24.5,24.5,24.5,24.5,2100
ESCA,26-Jun-2014,16.75,16.9,16.5,16.79,54200
ESEA,26-Jun-2014,9.2,9.28,9.12,9.28,43300
ESGR,26-Jun-2014,147.14,147.73,146.25,146.81,24300
ESLT,26-Jun-2014,61.51,61.86,61.16,61.16,7500
ESPR,26-Jun-2014,14.99,15.28,14.77,15.16,7000
ESSA,26-Jun-2014,10.86,10.88,10.58,10.75,26400
ESXB,26-Jun-2014,4.19,4.21,4.17,4.2,17200
EUFN,26-Jun-2014,24.72,24.73,24.4,24.7,437500
EVK,26-Jun-2014,6.01,6.04,5.57,6.01,9200
EVOK,26-Jun-2014,8.01,8.08,7.78,7.98,8900
EVOL,26-Jun-2014,7.88,8.19,7.88,8.11,75100
EWBC,26-Jun-2014,35.03,35.04,34.42,34.91,395000
EXAS,26-Jun-2014,16.57,16.79,16.31,16.66,558100
EXEL,26-Jun-2014,3.66,3.67,3.51,3.54,2820400
EXLS,26-Jun-2014,28.76,28.91,28.41,28.85,78400
EXPD,26-Jun-2014,44.01,44.12,43.68,44.09,750300
EXPE,26-Jun-2014,77.78,77.78,76.69,77.01,875100
EXPO,26-Jun-2014,18.34,18.34,18.1525,18.2875,45300
EXTR,26-Jun-2014,4.39,4.39,4.19,4.28,1123400
EZPW,26-Jun-2014,11.63,11.66,11.42,11.53,296100
FANG,26-Jun-2014,90.45,91,87.7,89.29,939100
FARM,26-Jun-2014,21.53,21.58,21.25,21.37,20100
FARO,26-Jun-2014,49.33,49.33,47.56,48.32,83000
FAST,26-Jun-2014,24.605,24.69,24.435,24.68,793400
FATE,26-Jun-2014,6.4,6.6,6.3,6.53,11500
FB,26-Jun-2014,67.99,68,66.9,67.13,47713900
FBIZ,26-Jun-2014,47.83,48,47.22,47.7,25400
FBMS,26-Jun-2014,14.3,14.32,14.3,14.3,300
FBNC,26-Jun-2014,18.29,18.3,17.85,18.16,17400
FCAP,26-Jun-2014,20.9,20.9,20.9,20.9,0
FCBC,26-Jun-2014,14.07,14.27,14.06,14.17,20200
FCCO,26-Jun-2014,10.73,10.73,10.6,10.6,3500
FCCY,26-Jun-2014,10.4,10.4,10.35,10.35,1200
FCEL,26-Jun-2014,342.72,349.92,336.96,348.48,5271000
FCFS,26-Jun-2014,57.07,57.36,56.45,57.13,169100
FCNCA,26-Jun-2014,250,250,246.9,249.2,34500
FDUS,26-Jun-2014,19.53,20.65,19.35,20.44,155800
FEIM,26-Jun-2014,10.84,12.2,10.84,12,32800
FELE,26-Jun-2014,40.21,40.32,39.48,40.18,137900
FFBC,26-Jun-2014,17.1,17.1,16.88,17.05,303100
FFHL,26-Jun-2014,1.23,1.27,1.23,1.27,700
FFIC,26-Jun-2014,20.37,20.54,20.23,20.48,41100
FFIN,26-Jun-2014,15.72,15.745,15.47,15.655,109400
FFIV,26-Jun-2014,108.85,109.53,106.57,107.16,1105200
FFNW,26-Jun-2014,10.97,11.07,10.8,10.86,141300
FIBK,26-Jun-2014,27.03,27.21,26.56,27.1,45400
FISI,26-Jun-2014,23,23.44,22.76,23.33,29500
FISV,26-Jun-2014,30.435,30.435,30.205,30.31,689700
FITB,26-Jun-2014,21.34,21.39,21.1,21.29,5670200
FITBI,26-Jun-2014,26.94,27.07,26.68,26.9,506800
FIVE,26-Jun-2014,39.92,39.98,38.93,39.58,928700
FIVN,26-Jun-2014,6.54,6.81,6.31,6.73,104000
FIZZ,26-Jun-2014,19.05,19.15,18.44,18.88,70200
FLDM,26-Jun-2014,29.41,29.45,28.6,29.29,170600
FLEX,26-Jun-2014,11.05,11.14,11.05,11.11,2006200
FLIC,26-Jun-2014,25.6,25.9533,25.6,25.7067,3000
FLL,26-Jun-2014,1.3,1.3,1.22,1.28,162300
FLWS,26-Jun-2014,5.6,5.62,5.59,5.6,58900
FLXN,26-Jun-2014,13.2,13.54,13.09,13.2,14100
FLXS,26-Jun-2014,32.04,32.42,31.8,32.11,8300
FMB,26-Jun-2014,50.1,50.2,50.1,50.1,1600
FMBH,26-Jun-2014,22.23,22.23,22.23,22.23,400
FMBI,26-Jun-2014,16.87,17.04,16.64,16.99,174800
FMNB,26-Jun-2014,7.68,7.83,7.68,7.74,2300
FNHC,26-Jun-2014,25.92,25.93,25.36,25.49,127400
FNLC,26-Jun-2014,16.78,16.98,16.75,16.9,8600
FOLD,26-Jun-2014,2.84,3.03,2.84,2.94,626700
FONR,26-Jun-2014,11.44,12.06,11.44,11.98,49500
FORD,26-Jun-2014,1.19,1.22,1.16,1.21,24500
FORM,26-Jun-2014,8.02,8.09,7.86,8.06,147500
FORR,26-Jun-2014,37.29,37.48,36.79,37.32,39900
FORTY,26-Jun-2014,28.81,29.27,28.81,29.27,500
FOSL,26-Jun-2014,104.07,104.75,102.95,103.69,303100
FOX,26-Jun-2014,33.9,34.48,33.72,34.22,2843400
FOXA,26-Jun-2014,34.78,35.27,34.52,35.15,10378100
FOXF,26-Jun-2014,16.82,17.18,16.82,17,18800
FRBA,26-Jun-2014,6.05,6.36,6,6.05,17500
FRBK,26-Jun-2014,5.25,5.3,5.18,5.22,142700
FREE,26-Jun-2014,414000,420000,336000,360000,1816100
FRGI,26-Jun-2014,46.28,46.48,45.46,46.25,142200
FRME,26-Jun-2014,20.97,21.24,20.83,21.17,88700
FRSH,26-Jun-2014,9.35,9.46,9.08,9.22,67000
FSBW,26-Jun-2014,17.49,17.49,17.45,17.47,800
FSFG,26-Jun-2014,24,24,24,24,0
FSLR,26-Jun-2014,70.21,72.46,70.15,71.47,4030400
FSTR,26-Jun-2014,52.91,53.37,51.9,52.2,19800
FTCS,26-Jun-2014,35.11,35.28,35.11,35.26,1400
FTEK,26-Jun-2014,5.75,5.91,5.61,5.88,86900
FTGC,26-Jun-2014,34.03,34.15,33.95,34.05,134900
FTHI,26-Jun-2014,20.48,20.6,20.43,20.49,19700
FTLB,26-Jun-2014,20.43,20.43,20.43,20.43,0
FTNT,26-Jun-2014,24.47,24.67,24.29,24.4,647000
FTSL,26-Jun-2014,49.72,49.77,49.63,49.69,23300
FULT,26-Jun-2014,12.37,12.38,12.16,12.34,685200
FUNC,26-Jun-2014,8.91,8.91,8.83,8.84,3100
FUND,26-Jun-2014,8.45,8.45,8.41,8.45,46100
FV,26-Jun-2014,19.82,19.82,19.56,19.73,219200
FWRD,26-Jun-2014,46.15,47.08,45.78,46.88,191900
GABC,26-Jun-2014,18.3067,18.3067,17.96,18.1333,5000
GAIA,26-Jun-2014,8.4,8.52,8.11,8.18,72700
GAIN,26-Jun-2014,7.28,7.41,7.27,7.34,386400
GALT,26-Jun-2014,14.78,14.99,14.09,14.14,392600
GAME,26-Jun-2014,6.65,6.7,6.61,6.68,291100
GASS,26-Jun-2014,11.12,11.47,11.04,11.31,94600
GBCI,26-Jun-2014,27.89,28.26,27.5,28.13,339500
GBDC,26-Jun-2014,17.25,17.8,17.2,17.8,570300
GBLI,26-Jun-2014,25.93,25.93,25.7,25.82,9200
GCBC,26-Jun-2014,13.275,13.275,13.275,13.275,0
GENC,26-Jun-2014,7.4133,7.4133,7.2467,7.2733,2900
GENE,26-Jun-2014,21,21,20.6,20.8,12200
GEOS,26-Jun-2014,53.25,53.95,52.52,53.54,133700
GERN,26-Jun-2014,3.08,3.09,2.96,2.98,2842000
GEVO,26-Jun-2014,5400,5400,5220,5340,179400
GFED,26-Jun-2014,12.55,12.59,12.5,12.59,1600
GGAL,26-Jun-2014,14.98,15.23,14.5,14.66,1043000
GIFI,26-Jun-2014,21.81,21.81,20.53,21.41,18300
GIGM,26-Jun-2014,5.2,5.35,5.2,5.3,238500
GIII,26-Jun-2014,40.885,41.695,40.565,41.535,283500
GILD,26-Jun-2014,81.9,82.21,80.9,82.18,6921500
GILT,26-Jun-2014,4.74,4.78,4.7,4.72,8500
GLAD,26-Jun-2014,9.77,10.1,9.77,10,333600
GLBS,26-Jun-2014,14200,14600,14200,14600,2300
GLBZ,26-Jun-2014,12.41,12.41,12.41,12.41,0
GLDD,26-Jun-2014,7.79,7.8,7.66,7.68,98100
GLDI,26-Jun-2014,13.85,13.87,13.84,13.84,9600
GLMD,26-Jun-2014,9.57,9.97,9.57,9.8,8100
GLNG,26-Jun-2014,59.29,60.17,58.32,59.35,1693200
GLPI,26-Jun-2014,33.14,33.31,32.82,33.03,495200
GLRE,26-Jun-2014,32.93,33.3,32.49,32.69,138300
GLYC,26-Jun-2014,6.76,7.43,6.76,7.31,163500
GNCA,26-Jun-2014,160.08,160.16,152,154.88,25600
GNMA,26-Jun-2014,49.87,49.91,49.87,49.91,1300
GNTX,26-Jun-2014,14.64,14.67,14.43,14.48,528400
GOGO,26-Jun-2014,19.15,19.31,18.72,18.82,1233400
GOOD,26-Jun-2014,17.49,17.6,17.42,17.6,67100
GOODN,26-Jun-2014,25.9,26.1,25.9,26.1,2200
GOODO,26-Jun-2014,25.41,25.6,25.21,25.21,3300
GOOG,26-Jun-2014,581,582.45,571.85,576,1737200
GOOGL,26-Jun-2014,589.3,589.6,579.6,584.77,2012300
GPRE,26-Jun-2014,32.53,32.77,31.85,32.62,590400
GPRO,26-Jun-2014,28.65,33,28.65,31.34,45837300
GRFS,26-Jun-2014,21.685,21.7,21.27,21.625,586600
GRID,26-Jun-2014,37.33,37.33,37.33,37.33,0
GRMN,26-Jun-2014,60.03,60.19,59.16,59.23,1034500
GROW,26-Jun-2014,3.38,3.52,3.36,3.5,7800
GRPN,26-Jun-2014,135.8,139,133.6,134.4,13724900
GRVY,26-Jun-2014,3.4,3.44,3.4,3.4,4200
GSBC,26-Jun-2014,30.73,31.5,30.61,31.41,48300
GSIT,26-Jun-2014,5.52,5.62,5.46,5.53,73900
GSM,26-Jun-2014,21.15,21.15,20.71,20.86,212200
GT,26-Jun-2014,27.3,27.39,26.94,27.31,1454600
GTIM,26-Jun-2014,3.72,3.84,3.67,3.8,30800
GURE,26-Jun-2014,10.8,10.9,10.75,10.85,80200
GYRO,26-Jun-2014,5.3,5.3,5.13,5.23,1900
HA,26-Jun-2014,14.07,14.16,13.76,13.86,624400
HAFC,26-Jun-2014,21.24,21.45,20.84,21.38,111600
HAIN,26-Jun-2014,43.375,43.47,42.83,43.015,459800
HALL,26-Jun-2014,10.72,10.72,10.34,10.39,30500
HALO,26-Jun-2014,10.19,10.19,9.91,9.94,991200
HAS,26-Jun-2014,53.05,53.09,52.25,52.85,638300
HAYN,26-Jun-2014,54.99,55.66,54.53,55.44,25800
HBAN,26-Jun-2014,9.55,9.61,9.42,9.58,5751400
HBANP,26-Jun-2014,1332,1333,1332,1333,100
HBCP,26-Jun-2014,20.25,20.5,20.19,20.34,16700
HBIO,26-Jun-2014,3.86,4.1,3.86,3.93,763800
HBMD,26-Jun-2014,9.57,9.57,9.57,9.57,0
HBNC,26-Jun-2014,9.3511,9.6178,9.3422,9.6178,29600
HBP,26-Jun-2014,4.47,4.47,4.4,4.41,4100
HCCI,26-Jun-2014,17.82,18.48,17.39,18.32,35300
HCKT,26-Jun-2014,5.97,6.01,5.94,5.97,22200
HCSG,26-Jun-2014,30.23,30.23,29.41,29.56,224400
HDSN,26-Jun-2014,2.88,2.91,2.8,2.81,100000
HEAR,26-Jun-2014,39.32,39.96,38.28,38.52,106700
HEES,26-Jun-2014,35.96,36.18,35.57,35.84,164500
HELE,26-Jun-2014,60.13,60.92,59.71,60.68,170700
HERO,26-Jun-2014,4.07,4.11,4,4,4777300
HFBL,26-Jun-2014,18.8,18.8,18.8,18.8,0
HFWA,26-Jun-2014,16.35,16.35,16.05,16.29,20700
HGSH,26-Jun-2014,5.76,5.76,5.16,5.3,25000
HIBB,26-Jun-2014,55.24,55.37,54.35,54.42,260200
HIFS,26-Jun-2014,72.15,74.5,71.9,73.4,5900
HIHO,26-Jun-2014,2.69,2.72,2.69,2.71,1500
HIMX,26-Jun-2014,6.9,6.93,6.71,6.75,3159000
HLIT,26-Jun-2014,7.38,7.42,7.23,7.38,692300
HMHC,26-Jun-2014,19.33,19.44,19.16,19.31,754100
HMNF,26-Jun-2014,11.24,11.24,10.99,10.99,500
HMST,26-Jun-2014,18.94,19.1,18.71,19.03,42900
HMTV,26-Jun-2014,11.54,11.68,11.4,11.41,9400
HNNA,26-Jun-2014,9.5933,9.8933,9.48,9.8933,2700
HNRG,26-Jun-2014,9.7,9.89,9.65,9.72,16000
HOFT,26-Jun-2014,14.82,14.82,14.27,14.59,48000
HOLI,26-Jun-2014,23.11,23.5,23.06,23.33,207100
HOLX,26-Jun-2014,25.53,25.71,25.31,25.51,1635100
HOMB,26-Jun-2014,16.63,16.65,16.37,16.62,82100
HOVNP,26-Jun-2014,12.95,12.95,12.9,12.94,8100
HRTX,26-Jun-2014,11.68,11.94,11.65,11.88,229300
HRZN,26-Jun-2014,14.2,15.07,14.14,14.66,159800
HSIC,26-Jun-2014,120.29,120.37,119.33,119.91,262300
HSII,26-Jun-2014,17.99,18.03,17.63,17.87,56200
HSKA,26-Jun-2014,10.4,10.7,10.4,10.59,4800
HSON,26-Jun-2014,38.7,40,38.7,39.7,13800
HSTM,26-Jun-2014,25.23,25.69,25.04,25.46,94300
HTBI,26-Jun-2014,15.58,15.6,15.5,15.59,55700
HTBK,26-Jun-2014,8.05,8.11,7.93,8.03,10100
HTBX,26-Jun-2014,50.5,52,48.9,50.6,11700
HTHT,26-Jun-2014,6.125,6.155,6.07,6.1175,348300
HTLD,26-Jun-2014,21.08,21.08,20.79,20.93,313000
HTLF,26-Jun-2014,24.85,25.21,24.55,25.19,14000
HUBG,26-Jun-2014,50.43,50.43,49.95,49.99,327500
HURC,26-Jun-2014,28,28.1,27.17,27.78,14500
HURN,26-Jun-2014,70.56,71.13,69.67,70.26,78200
HWBK,26-Jun-2014,12.46,12.92,12.46,12.92,600
HWKN,26-Jun-2014,37.03,37.12,36.41,36.6,19300
HYLS,26-Jun-2014,52.65,52.75,52.53,52.64,20900
HYZD,26-Jun-2014,25.17,25.23,25.17,25.2,16700
HZNP,26-Jun-2014,15.47,15.7,15.3,15.48,740500
IART,26-Jun-2014,23.585,23.585,23.205,23.455,88400
IBB,26-Jun-2014,255.14,256.41,252.78,256.38,853900
IBCP,26-Jun-2014,13.16,13.68,12.95,13.64,277600
IBKR,26-Jun-2014,23.41,23.58,23.17,23.29,194700
IBOC,26-Jun-2014,26.38,26.54,25.95,26.44,69300
IBTX,26-Jun-2014,55.8,56,55.04,55.5,41400
ICAD,26-Jun-2014,6.3,6.32,6.18,6.25,50500
ICCC,26-Jun-2014,4.35,4.52,4.35,4.36,2400
ICFI,26-Jun-2014,35.17,35.97,34.64,34.86,54200
ICLN,26-Jun-2014,11.78,11.79,11.7,11.77,24800
ICLR,26-Jun-2014,46.71,47.04,45.96,46.16,398500
ICPT,26-Jun-2014,255.88,258,237.5,239.42,682400
ICUI,26-Jun-2014,61.3,61.3,60.6,60.87,67300
IDCC,26-Jun-2014,47.04,47.71,46.67,47.56,261200
IDRA,26-Jun-2014,24.32,25.6,24.16,25.28,1585000
IDXX,26-Jun-2014,67.225,67.87,66.68,67.085,199400
IEP,26-Jun-2014,99.99,100.65,98.36,100.34,106500
IESC,26-Jun-2014,6.18,6.29,6.07,6.29,3500
IFGL,26-Jun-2014,32.07,32.14,31.93,32.09,69400
IGOV,26-Jun-2014,104.54,104.93,104.54,104.55,22600
III,26-Jun-2014,5.2,5.26,5.12,5.14,107300
IIN,26-Jun-2014,8.56,8.79,8.26,8.49,11700
IIVI,26-Jun-2014,14.17,14.41,14.05,14.39,259500
IKNX,26-Jun-2014,24.1,24.1,24.1,24.1,200
ILMN,26-Jun-2014,171.41,171.82,169.19,170.98,1285300
IMGN,26-Jun-2014,12.01,12.02,11.56,11.79,778200
IMKTA,26-Jun-2014,26.78,26.78,25.96,26.24,23800
IMMR,26-Jun-2014,11.36,11.44,11.21,11.39,56100
IMOS,26-Jun-2014,23.9,24.36,23.68,24.15,143600
INBK,26-Jun-2014,21.34,21.41,20.56,21.12,8900
INCY,26-Jun-2014,56.24,56.68,55.01,55.99,803700
INDB,26-Jun-2014,38.21,38.25,37.81,38.14,29700
INDY,26-Jun-2014,28.7,28.7,28.5,28.69,72300
INFI,26-Jun-2014,12.71,12.78,12.14,12.54,376800
INFN,26-Jun-2014,9.13,9.27,9.03,9.25,758700
INGN,26-Jun-2014,20.85,20.85,20.48,20.62,34700
INOD,26-Jun-2014,2.98,3.14,2.92,3.04,30400
INSM,26-Jun-2014,18.85,19.63,18.82,19.32,887600
INTC,26-Jun-2014,30.81,30.9,30.61,30.78,26728400
INTG,26-Jun-2014,19.04,19.04,19.04,19.04,200
INTU,26-Jun-2014,81.19,81.25,80.21,80.96,1276500
INVE,26-Jun-2014,11.16,11.48,11.02,11.08,80800
IOSP,26-Jun-2014,42.5,43.01,42.41,42.74,48300
IPAR,26-Jun-2014,29.25,29.43,28.65,29.05,119500
IPDN,26-Jun-2014,33.6,33.6,31.44,32.56,1100
IPGP,26-Jun-2014,68.09,68.09,67.35,67.57,200200
IPKW,26-Jun-2014,26.45,26.61,26.45,26.6,16800
IPWR,26-Jun-2014,90.3,95.7,90,95.3,45500
IRBT,26-Jun-2014,40,40.4,39.41,40.19,352800
IRDM,26-Jun-2014,8.21,8.23,8.05,8.19,624100
IRIX,26-Jun-2014,8.26,8.39,8.2,8.31,11000
IROQ,26-Jun-2014,16.35,16.35,16.35,16.35,0
IRWD,26-Jun-2014,15.18,15.5,15.02,15.41,810000
ISBC,26-Jun-2014,11.04,11.07,10.94,11.02,5607400
ISHG,26-Jun-2014,95.74,95.95,95.72,95.84,8400
ISIG,26-Jun-2014,3.13,3.15,3.1,3.14,7000
ISLE,26-Jun-2014,7.81,8.1,7.75,8.07,180800
ISRG,26-Jun-2014,404.18,411.29,402.14,410.79,622000
ISSC,26-Jun-2014,6.65,6.68,6.51,6.59,40100
ITCI,26-Jun-2014,16.84,17.61,16.7,17.39,52200
ITIC,26-Jun-2014,65.11,65.46,64,64.28,6000
ITRI,26-Jun-2014,40.29,40.33,39.78,40.32,108300
ITRN,26-Jun-2014,23.9,24.06,23.71,23.71,6800
IVAC,26-Jun-2014,8.39,8.57,8.14,8.39,169000
JACK,26-Jun-2014,60.39,60.39,59.8,60.04,173600
JAKK,26-Jun-2014,77.4,80.5,76.3,78,601200
JAZZ,26-Jun-2014,151.55,151.55,148.62,149.74,401300
JBHT,26-Jun-2014,75.35,75.47,73.36,73.52,1493800
JBLU,26-Jun-2014,10.67,10.75,10.54,10.58,4549400
JBSS,26-Jun-2014,25.75,26.4,25.59,26.36,20100
JCS,26-Jun-2014,12.56,12.71,12.25,12.67,8400
JCTCF,26-Jun-2014,4.99,4.99,4.99,4.99,100
JD,26-Jun-2014,27.14,28.35,26.81,28.3,3624000
JJSF,26-Jun-2014,92.77,93.56,92.34,92.85,33500
JKHY,26-Jun-2014,59.02,59.23,58.6,58.86,402600
JOBS,26-Jun-2014,32.51,32.595,32,32.575,72300
JOUT,26-Jun-2014,26.11,26.3,25.55,26.05,13500
JRJC,26-Jun-2014,42.1,43.7,41.3,41.8,283800
JSM,26-Jun-2014,22,22.2,21.94,22.15,29700
JVA,26-Jun-2014,6.96,6.98,6.83,6.96,26300
KALU,26-Jun-2014,72.05,72.71,71.52,72.04,91000
KELYA,26-Jun-2014,17.45,17.47,17.05,17.19,125200
KELYB,26-Jun-2014,17.32,17.32,17.32,17.32,0
KEQU,26-Jun-2014,17.47,17.75,17.28,17.59,18600
KFFB,26-Jun-2014,8.75,8.75,8.75,8.75,100
KFRC,26-Jun-2014,21.92,22.19,21.53,21.58,97400
KINS,26-Jun-2014,6.61,6.63,6.61,6.62,800
KIRK,26-Jun-2014,17.6,17.9,16.95,17.69,407000
KLAC,26-Jun-2014,69.8,69.96,69.14,69.96,1150200
KLIC,26-Jun-2014,14.1,14.1,13.77,13.95,364400
KMDA,26-Jun-2014,7.11,7.11,7,7.05,47500
KNDI,26-Jun-2014,12.98,13.35,12.8,13.07,758700
KOPN,26-Jun-2014,3.2,3.22,3.14,3.15,117900
KOSS,26-Jun-2014,3.22,3.25,3.22,3.24,8500
KPTI,26-Jun-2014,42.06,43.82,42.06,43.4,316000
KRNY,26-Jun-2014,15.21,15.21,15.11,15.15,11100
KTCC,26-Jun-2014,10.74,10.74,10.52,10.61,19200
KTOS,26-Jun-2014,7.74,7.74,7.6,7.7,193700
KVHI,26-Jun-2014,13.07,13.13,12.82,13.03,20200
LAKE,26-Jun-2014,7.16,7.16,7.16,7.16,0
LAMR,26-Jun-2014,51.76,52.31,51.43,52.27,1200100
LANC,26-Jun-2014,95,95,93.99,94.4,63200
LAND,26-Jun-2014,12.78,13,12.35,12.49,13000
LARK,26-Jun-2014,20.1,20.1,19.78,19.94,4400
LAWS,26-Jun-2014,16.2,16.2,15.91,16,2000
LBAI,26-Jun-2014,10.49,10.56,10.36,10.51,16900
LBTYA,26-Jun-2014,43.25,43.7,43.13,43.53,4635200
LBTYB,26-Jun-2014,44.67,45.64,42.91,44.55,1900
LBTYK,26-Jun-2014,41.45,42.13,41.35,41.94,4708200
LCNB,26-Jun-2014,15.33,15.55,14.87,15.41,27900
LCUT,26-Jun-2014,15.42,15.5,15.1,15.41,46800
LE,26-Jun-2014,33.35,34.38,33.1,34.06,410200
LECO,26-Jun-2014,69.45,69.61,68.51,69.52,286100
LEDS,26-Jun-2014,1.03,1.07,1.03,1.05,9200
LFUS,26-Jun-2014,91.67,91.78,90.44,91.37,117800
LFVN,26-Jun-2014,8.75,9.31,8.61,9.17,1168100
LGIH,26-Jun-2014,18.76,18.76,18.1,18.39,126000
LGND,26-Jun-2014,62.71,62.99,61.61,62.19,149700
LHCG,26-Jun-2014,20.19,20.78,20.14,20.73,33300
LINC,26-Jun-2014,3.83,4.02,3.79,3.83,196700
LIVE,26-Jun-2014,4.26,4.4,4.2,4.35,475400
LJPC,26-Jun-2014,8.85,8.85,8.52,8.66,43800
LKFN,26-Jun-2014,25.16,25.8667,25.08,25.5,33000
LKQ,26-Jun-2014,26.35,26.4,25.95,26.32,1311300
LLNW,26-Jun-2014,3.04,3.06,2.97,3.03,262700
LMAT,26-Jun-2014,8.35,8.35,8.19,8.19,30000
LMNR,26-Jun-2014,22.25,22.36,21.69,22.2,35800
LNDC,26-Jun-2014,12.06,12.2,11.92,12.09,94500
LOAN,26-Jun-2014,3.17,3.17,3.02,3.08,9100
LOGI,26-Jun-2014,13.14,13.2,13.04,13.19,228200
LOPE,26-Jun-2014,46.17,46.4,45.6,45.88,92400
LORL,26-Jun-2014,70.58,71.41,70.58,71.16,41200
LPCN,26-Jun-2014,5.97,5.97,5.85,5.91,19900
LPLA,26-Jun-2014,49.65,49.89,48.91,49.49,528000
LPSN,26-Jun-2014,9.86,10.03,9.82,9.97,533900
LPTH,26-Jun-2014,1.33,1.35,1.32,1.32,5100
LQDT,26-Jun-2014,15.81,15.93,15.41,15.68,196000
LRCX,26-Jun-2014,66.89,66.93,65.92,66.5,852000
LSBK,26-Jun-2014,12.26,12.26,12.26,12.26,500
LSCC,26-Jun-2014,8.1,8.1,7.9,7.93,963800
LSTR,26-Jun-2014,63.02,63.15,62.31,62.99,190000
LTBR,26-Jun-2014,162,165,160.2,161.4,31500
LTRX,26-Jun-2014,1.93,1.95,1.92,1.95,7400
LULU,26-Jun-2014,41.11,41.25,40.15,40.49,2405300
LUNA,26-Jun-2014,1.39,1.39,1.35,1.36,33900
LWAY,26-Jun-2014,13.78,13.8,13.71,13.72,5200
LXRX,26-Jun-2014,11.69,11.69,11.13,11.13,576500
LYTS,26-Jun-2014,7.9,7.93,7.78,7.8,20300
MACK,26-Jun-2014,7.4,7.43,7.05,7.26,1740600
MANH,26-Jun-2014,34.63,34.72,34.03,34.28,286000
MANT,26-Jun-2014,29.32,29.32,29,29.09,60600
MAR,26-Jun-2014,63.49,64.09,63.29,63.99,2031700
MARK,26-Jun-2014,7.5,9.11,7.5,8.13,77900
MARPS,26-Jun-2014,16.3,16.58,16.27,16.37,9700
MASI,26-Jun-2014,23.4,23.72,23.3,23.63,482500
MAT,26-Jun-2014,39.05,39.22,38.58,39.22,1208400
MATW,26-Jun-2014,40.5,40.78,39.97,40.65,110600
MAYS,26-Jun-2014,49.29,49.33,48,48,300
MBII,26-Jun-2014,10.95,11.35,10.51,10.79,66600
MBUU,26-Jun-2014,19.24,19.68,18.97,19.47,78900
MBWM,26-Jun-2014,21.03,21.15,20.8,21.05,32200
MCBC,26-Jun-2014,5.34,5.34,5.11,5.19,66100
MCHP,26-Jun-2014,48.83,48.87,48.03,48.44,959100
MCHX,26-Jun-2014,12.04,12.17,11.8,12.09,176500
MCRI,26-Jun-2014,15.33,15.74,14.98,15.47,19600
MDIV,26-Jun-2014,22.32,22.32,22.17,22.27,146700
MDLZ,26-Jun-2014,37.39,37.77,37.15,37.63,10695500
MDRX,26-Jun-2014,15.54,15.57,15.4,15.45,550000
MDWD,26-Jun-2014,10.52,10.94,10.52,10.77,42000
MDXG,26-Jun-2014,6.83,6.83,6.69,6.79,404400
MEIP,26-Jun-2014,5.63,5.85,5.52,5.64,173200
MELI,26-Jun-2014,89.67,90.88,88.82,90.82,497500
MEOH,26-Jun-2014,61.68,61.68,60.64,61.02,1064800
MERC,26-Jun-2014,9.56,9.56,9.48,9.51,27500
MGEE,26-Jun-2014,39.05,39.13,38.8,38.95,33600
MGI,26-Jun-2014,14.77,14.85,14.6,14.76,283100
MGIC,26-Jun-2014,7.28,7.37,7.24,7.34,65500
MGLN,26-Jun-2014,62.93,62.93,61.46,62.05,236800
MGNX,26-Jun-2014,23.33,23.34,22.32,22.64,163700
MGPI,26-Jun-2014,7.72,7.99,7.4,7.77,8300
MGRC,26-Jun-2014,36.14,36.16,35.86,36.13,35800
MGYR,26-Jun-2014,7.92,7.92,7.92,7.92,0
MHLD,26-Jun-2014,12.17,12.31,12.05,12.07,167500
MICT,26-Jun-2014,4.06,4.08,3.97,4.06,2100
MIDD,26-Jun-2014,81.74,82.3333,80.3533,81.3633,163800
MIND,26-Jun-2014,13.6,13.94,13.47,13.82,60800
MITK,26-Jun-2014,3.25,3.25,3.21,3.24,133000
MKSI,26-Jun-2014,30.45,30.61,30.05,30.57,220900
MKTX,26-Jun-2014,55.51,55.99,55.01,55.43,206200
MLAB,26-Jun-2014,85.79,85.79,83.65,84.07,5800
MLHR,26-Jun-2014,29.87,30.55,29,29.71,1076000
MLVF,26-Jun-2014,10.51,10.74,10.51,10.74,600
MMLP,26-Jun-2014,40.81,41,40.78,40.96,97900
MMSI,26-Jun-2014,14.47,14.88,14.39,14.85,396900
MMYT,26-Jun-2014,33.2,34.91,33.2,34.17,360300
MNDO,26-Jun-2014,2.33,2.33,2.27,2.28,18900
MNKD,26-Jun-2014,53,53.8,52.05,52.9,5093600
MNOV,26-Jun-2014,1.91,2.1,1.91,2,70900
MNRO,26-Jun-2014,53.65,54.57,52.78,53.77,240000
MNST,26-Jun-2014,23.4833,23.4833,23.2733,23.29,788900
MNTX,26-Jun-2014,16.09,16.33,16.06,16.12,42400
MOFG,26-Jun-2014,24.06,24.15,23.92,24.06,18900
MORN,26-Jun-2014,72.24,72.52,70.96,71.15,47000
MOSY,26-Jun-2014,594,608,572,598,296200
MOVE,26-Jun-2014,14.45,14.7,14.23,14.42,389500
MPAA,26-Jun-2014,23.26,23.64,23.15,23.3,165900
MPB,26-Jun-2014,15.01,15.01,15.01,15.01,0
MPWR,26-Jun-2014,41.81,41.85,41.12,41.62,115700
MRCC,26-Jun-2014,13.65,13.67,13.5,13.61,63500
MRCY,26-Jun-2014,11.57,11.6,11.4,11.58,61900
MRLN,26-Jun-2014,17.87,18.6,17.8,18.56,13400
MRTN,26-Jun-2014,14.72,14.9,14.3933,14.54,111800
MRTX,26-Jun-2014,22.75,23.09,22.01,22.94,46700
MRVL,26-Jun-2014,14.44,14.48,14.3,14.35,4056100
MSEX,26-Jun-2014,20.81,20.96,20.71,20.9,17100
MSFT,26-Jun-2014,41.93,41.94,41.43,41.72,23604400
MSON,26-Jun-2014,6.7,6.8,6.55,6.65,5500
MSTR,26-Jun-2014,139.78,140.8,139.04,139.44,35800
MTEX,26-Jun-2014,12.59,12.97,12.59,12.97,1000
MTLS,26-Jun-2014,11.79,11.95,11.6,11.9,637400
MTRX,26-Jun-2014,33.82,34.24,32.86,33.06,272100
MTSI,26-Jun-2014,22.44,23.13,22.2,22.62,193300
MU,26-Jun-2014,32.31,32.4,31.8,32,20353200
MVIS,26-Jun-2014,2.04,2.1,1.99,2.06,352100
MYGN,26-Jun-2014,37.83,38,36.87,37.21,780300
MYRG,26-Jun-2014,24.88,24.97,24.56,24.82,48500
NAII,26-Jun-2014,5.5,5.5,5.01,5.22,31900
NATH,26-Jun-2014,55.7,55.7,54.78,55.11,5700
NATI,26-Jun-2014,31.67,31.86,31.44,31.84,313600
NATR,26-Jun-2014,16.6,18.37,16.08,16.71,145900
NAVI,26-Jun-2014,17.58,17.68,17.53,17.67,931600
NBIX,26-Jun-2014,14.82,14.95,14.36,14.86,477900
NBN,26-Jun-2014,9.62,9.66,9.52,9.66,4800
NBTB,26-Jun-2014,23.32,23.89,23.32,23.84,43700
NCMI,26-Jun-2014,17.05,17.19,16.95,17.07,194900
NCTY,26-Jun-2014,68.1,71.1,68.1,68.7,6300
NDAQ,26-Jun-2014,37.42,38.19,37.31,38.02,1476400
NDLS,26-Jun-2014,35.28,35.58,34.96,35.48,104400
NDSN,26-Jun-2014,78.8,79.68,78.28,79.1,312300
NECB,26-Jun-2014,7.04,7.04,7.04,7.04,100
NEO,26-Jun-2014,3.33,3.33,3.16,3.19,291400
NEOG,26-Jun-2014,29.445,29.46,28.98,29.0175,103500
NEON,26-Jun-2014,32.5,33.2,29.4,30.3,1649600
NEPT,26-Jun-2014,2.65,2.7,2.61,2.65,159600
NETE,26-Jun-2014,17.1,17.5,16.9,17.2,9600
NEWT,26-Jun-2014,13.45,13.75,13.45,13.7,9700
NFBK,26-Jun-2014,13.02,13.06,12.98,13.01,112800
NFLX,26-Jun-2014,62.97,63.1629,62.3929,62.8014,2035500
NICE,26-Jun-2014,40.15,40.16,39.72,40.09,112000
NICK,26-Jun-2014,14.38,14.45,14.32,14.4,24400
NKSH,26-Jun-2014,30.83,30.83,30.48,30.76,10600
NKTR,26-Jun-2014,13.24,13.26,12.8,12.99,859900
NMIH,26-Jun-2014,11.38,11.43,10.94,11.14,328900
NNBR,26-Jun-2014,25.96,26.06,25.27,25.77,126600
NRIM,26-Jun-2014,24.97,25.41,24.97,25.16,17100
NSEC,26-Jun-2014,12.39,12.59,12.39,12.57,1400
NSIT,26-Jun-2014,29.44,30.15,29.18,29.83,258700
NSSC,26-Jun-2014,5.12,5.15,4.99,5,106900
NSTG,26-Jun-2014,15.08,15.5,14.53,14.88,140500
NSYS,26-Jun-2014,4.6,4.6,4.6,4.6,0
NTAP,26-Jun-2014,35.92,36.04,35.59,35.78,2360000
NTCT,26-Jun-2014,43.43,43.43,42.6,42.99,144800
NTES,26-Jun-2014,15.45,15.746,15.406,15.658,445400
NTGR,26-Jun-2014,34.1,34.47,33.81,34.45,125600
NTIC,26-Jun-2014,10.48,10.48,9.65,10.03,15600
NTRS,26-Jun-2014,64.04,64.19,63.09,64.07,720400
NTWK,26-Jun-2014,3.91,3.91,3.82,3.9,8300
NUAN,26-Jun-2014,19.15,19.28,18.58,18.79,5962000
NURO,26-Jun-2014,64.96,66.24,62.4,64.32,76000
NUVA,26-Jun-2014,36,36.84,35.29,35.44,456300
NVAX,26-Jun-2014,95.2,95.8,93,94,1827000
NVCN,26-Jun-2014,6200,6200,6200,6200,700
NVDA,26-Jun-2014,4.6525,4.655,4.575,4.59,6422600
NVEC,26-Jun-2014,53.03,53.55,52.75,52.94,6200
NVEE,26-Jun-2014,9.87,9.87,9.64,9.83,3000
NVFY,26-Jun-2014,21.25,21.75,21.25,21.55,60200
NVMI,26-Jun-2014,11.83,11.84,11.69,11.78,30500
NWBI,26-Jun-2014,13.6,13.6,13.37,13.54,233600
NWFL,26-Jun-2014,28.43,28.5,28.27,28.5,1200
NWLI,26-Jun-2014,248.27,253.67,248.27,252.62,5500
NWPX,26-Jun-2014,38.92,39.2,38.39,39.13,26100
NWS,26-Jun-2014,17.27,17.54,17.04,17.54,1889500
NWSA,26-Jun-2014,17.8,18.03,17.55,18.02,6005400
NXPI,26-Jun-2014,64.67,64.67,62.92,63.89,1680000
NXST,26-Jun-2014,48.73,49.37,47.33,48.44,608600
NYMT,26-Jun-2014,7.74,7.89,7.65,7.84,1820100
NYMTP,26-Jun-2014,24.35,24.58,24.22,24.36,36800
NYMX,26-Jun-2014,4.63,4.74,4.6,4.68,18500
OBAS,26-Jun-2014,6.49,6.49,6.49,6.49,0
OBCI,26-Jun-2014,3,3,2.91,2.91,7200
OCC,26-Jun-2014,3.89,4.07,3.89,4.07,3300
OCFC,26-Jun-2014,16.18,16.46,16.05,16.36,25200
ODFL,26-Jun-2014,62.96,63.2,62.33,63.05,506300
OFED,26-Jun-2014,18.26,18.26,18.26,18.26,200
OFIX,26-Jun-2014,34.91,35.55,34.38,35.38,95200
OFLX,26-Jun-2014,19.86,19.86,19.63,19.77,2000
OFS,26-Jun-2014,12.72,12.99,12.72,12.95,14100
OIIM,26-Jun-2014,3.42,3.45,3.33,3.43,7700
OLED,26-Jun-2014,29.23,29.4,28.78,29.18,285800
OMAB,26-Jun-2014,31.72,32.02,31.23,31.38,73400
OMCL,26-Jun-2014,28.52,28.52,28.04,28.36,216400
OMER,26-Jun-2014,17.4,18.01,16.85,17.35,625600
OMEX,26-Jun-2014,18.24,18.6,18,18.24,437400
ONB,26-Jun-2014,14.12,14.13,13.85,14.1,220400
ONCY,26-Jun-2014,1.28,1.31,1.25,1.3,183900
ONEQ,26-Jun-2014,171.38,171.77,170.53,171.77,10600
ONTX,26-Jun-2014,753,771,738,760.5,140900
OPEN,26-Jun-2014,104.6,105,103.88,104.2,656800
OPHC,26-Jun-2014,13.1,13.1,12.5,12.9,4800
OPOF,26-Jun-2014,15.21,15.4,15.15,15.38,12700
ORLY,26-Jun-2014,149.07,149.56,148.44,149.31,427500
ORMP,26-Jun-2014,9.72,9.72,9.34,9.41,83000
ORRF,26-Jun-2014,16.6,16.95,16.6,16.8,1300
OSBC,26-Jun-2014,4.78,4.9,4.75,4.9,8300
OSIS,26-Jun-2014,65.56,65.95,64.59,65.8,86600
OSTK,26-Jun-2014,15.81,16.08,15.7,15.8,132400
OSUR,26-Jun-2014,8.62,8.68,8.4,8.6,286400
OTEX,26-Jun-2014,23.54,23.735,23.375,23.725,271000
OTTR,26-Jun-2014,29.84,29.95,29.47,29.68,57100
OVBC,26-Jun-2014,22.44,22.49,22.4,22.45,800
OVLY,26-Jun-2014,10.01,10.01,10.01,10.01,100
OXBR,26-Jun-2014,5.49,5.49,5.32,5.47,5200
OXBRW,26-Jun-2014,1.2,1.2,1.2,1.2,1400
OXLC,26-Jun-2014,17.04,17.04,16.92,17.02,49300
OXLCO,26-Jun-2014,24.55,24.55,24.4,24.4,600
OXLCP,26-Jun-2014,25.9,25.92,25.82,25.9,10100
PAAS,26-Jun-2014,14.89,15.25,14.76,15.18,977800
PACB,26-Jun-2014,6.54,6.6,6.23,6.33,711000
PACW,26-Jun-2014,42.55,42.89,41.97,42.69,583600
PAHC,26-Jun-2014,21.85,22.07,21.38,21.76,105500
PATK,26-Jun-2014,18.7689,19.0755,18.5645,19.0267,58900
PAYX,26-Jun-2014,41.34,41.44,40.98,41.26,1909400
PBCT,26-Jun-2014,15.02,15.19,14.99,15.07,3090700
PBHC,26-Jun-2014,14.9,14.9,14.9,14.9,0
PBIP,26-Jun-2014,11.5,11.88,11.39,11.66,26600
PBPB,26-Jun-2014,15.56,15.83,15.47,15.75,239200
PCAR,26-Jun-2014,63.94,63.94,62.84,63.3,1512100
PCH,26-Jun-2014,41.4,41.55,40.86,41.37,194900
PCOM,26-Jun-2014,23.76,24.01,22.81,23.32,27100
PCRX,26-Jun-2014,87.17,89.22,86.55,88.5,385400
PCTI,26-Jun-2014,7.38,7.59,7.31,7.55,137100
PCTY,26-Jun-2014,20.82,21.35,20.58,21.22,116600
PCYG,26-Jun-2014,11,11.14,10.66,10.8,261100
PCYO,26-Jun-2014,6.22,6.22,5.98,6.03,61300
PDCE,26-Jun-2014,65.64,65.89,62.91,63.53,1035700
PDCO,26-Jun-2014,40.41,40.47,40.1,40.12,719400
PDEX,26-Jun-2014,2.07,2.32,2.05,2.22,36000
PDFS,26-Jun-2014,20.85,20.93,20.5,20.91,76700
PEBK,26-Jun-2014,16.03,16.66,16,16.11,1500
PEBO,26-Jun-2014,26.21,26.27,25.93,26.2,12100
PEGA,26-Jun-2014,20.9,21.35,20.76,21.34,148700
PENN,26-Jun-2014,12.3,12.49,11.98,11.99,1053100
PERI,26-Jun-2014,29.52,30.24,29.43,30.03,101000
PESI,26-Jun-2014,4.39,4.56,4.37,4.52,34100
PETS,26-Jun-2014,13.13,13.28,13.01,13.04,218600
PFBC,26-Jun-2014,23.5,24.2,22.98,23.57,12800
PFIE,26-Jun-2014,4.79,4.96,4.66,4.85,890300
PFIN,26-Jun-2014,7.9,7.9,7.86,7.86,2100
PFIS,26-Jun-2014,52.82,53.19,49.26,50.59,54800
PFLT,26-Jun-2014,13.97,14.04,13.92,14.02,149500
PFMT,26-Jun-2014,9.96,10.12,9.75,9.99,345900
PFSW,26-Jun-2014,8.25,8.26,8.06,8.18,13500
PGC,26-Jun-2014,19.52,19.66,18.91,19.02,36600
PINC,26-Jun-2014,29.13,29.13,28.27,28.69,182700
PKBK,26-Jun-2014,10.7545,10.7545,10.4727,10.7364,1600
PKOH,26-Jun-2014,58.2,58.2,56.81,57.47,19400
PLAB,26-Jun-2014,8.74,8.8,8.55,8.64,212300
PLBC,26-Jun-2014,7.05,7.05,7.05,7.05,200
PLCE,26-Jun-2014,50.15,50.15,48.63,49.04,440400
PLPC,26-Jun-2014,53.4,55.72,53.4,55.58,3700
PLUG,26-Jun-2014,4.51,4.87,4.44,4.74,21402300
PLUS,26-Jun-2014,29.575,29.895,29.185,29.595,37000
PLXS,26-Jun-2014,43.09,43.24,42.15,42.6,151800
PMBC,26-Jun-2014,6.62,6.62,6.6,6.6,700
PMD,26-Jun-2014,14.07,14.2,14.07,14.09,2700
PME,26-Jun-2014,2.82,2.82,2.56,2.57,33300
PNBK,26-Jun-2014,14.5,15.6,14.2,14.5,8300
PNFP,26-Jun-2014,38.67,38.87,38.34,38.82,72900
PNNT,26-Jun-2014,11.17,11.43,11.16,11.41,2024200
PNQI,26-Jun-2014,67.85,67.92,67.34,67.79,24100
PNRG,26-Jun-2014,62,62,62,62,200
PODD,26-Jun-2014,38.37,38.95,37.7,38.8,507200
POOL,26-Jun-2014,57.94,58.33,57.53,57.64,237900
POWI,26-Jun-2014,28.66,28.705,28.03,28.375,121100
POWL,26-Jun-2014,65,65.39,64.36,64.67,25500
PPBI,26-Jun-2014,14,14.03,13.96,14.02,25400
PPC,26-Jun-2014,25.06,25.66,24.92,25.55,952500
PPSI,26-Jun-2014,8.3,8.3,8.3,8.3,0
PRAA,26-Jun-2014,59.59,59.95,58.72,59.21,176400
PRFT,26-Jun-2014,19.16,19.2,18.79,19.1,78400
PRFZ,26-Jun-2014,100.01,100.01,99.06,99.69,18200
PRGS,26-Jun-2014,22.28,22.28,21.78,22.24,325800
PRIM,26-Jun-2014,28.98,29.22,28.77,29.04,167000
PROV,26-Jun-2014,13.91,14.06,13.85,13.88,44200
PRPH,26-Jun-2014,1.61,1.63,1.52,1.63,414100
PRTA,26-Jun-2014,22,22.39,22,22.3,472500
PRTS,26-Jun-2014,3.61,3.62,3.47,3.58,61600
PSCC,26-Jun-2014,50.07,50.07,49.88,50.03,14900
PSCD,26-Jun-2014,47.36,47.65,47.35,47.59,2800
PSCE,26-Jun-2014,53.41,53.69,53.36,53.65,28500
PSCF,26-Jun-2014,39.35,39.56,39.22,39.4,5300
PSCH,26-Jun-2014,55.94,55.94,55.51,55.76,26000
PSCI,26-Jun-2014,44.91,45.18,44.91,45.09,3200
PSCM,26-Jun-2014,45.71,45.84,45.6,45.8,2600
PSCT,26-Jun-2014,46.31,46.31,45.84,46.18,5000
PSCU,26-Jun-2014,36.49,36.49,36.36,36.41,34200
PSEC,26-Jun-2014,10.37,10.5,10.33,10.49,5339700
PSMT,26-Jun-2014,86.62,87.09,85.74,86.02,145200
PSTI,26-Jun-2014,31.1,31.2,30.7,31.1,76400
PTC,26-Jun-2014,37.87,38.44,37.64,38.21,826100
PTCT,26-Jun-2014,26.88,26.99,26.26,26.78,225400
PTEN,26-Jun-2014,34.38,34.95,34.24,34.41,2312400
PTNR,26-Jun-2014,7.96,8.04,7.85,7.95,45000
PTSI,26-Jun-2014,27.17,27.67,26.16,26.93,27000
PWOD,26-Jun-2014,29.8533,30.8067,29.8533,30.4933,10900
PXLW,26-Jun-2014,7.49,7.7,7.43,7.66,295700
PZZA,26-Jun-2014,42.3,42.96,42.01,42.58,272300
QABA,26-Jun-2014,35.43,35.78,35.38,35.76,9000
QADA,26-Jun-2014,21,21.14,20.6,20.93,19900
QADB,26-Jun-2014,17.3,17.7,17.22,17.25,4400
QAT,26-Jun-2014,22.6,22.92,22.44,22.73,13400
QCLN,26-Jun-2014,20.3,20.36,20.14,20.28,42900
QCOM,26-Jun-2014,78.4,79.13,78.08,78.77,7556100
QCRH,26-Jun-2014,17.2,17.3,17.1,17.13,21800
QDEL,26-Jun-2014,22.33,22.51,22.16,22.27,120800
QIWI,26-Jun-2014,40.17,40.73,39.6,40.07,383600
QLYS,26-Jun-2014,25.95,26.75,25.56,26.37,102700
QNST,26-Jun-2014,5.53,5.53,5.3,5.5,153000
QQEW,26-Jun-2014,38.71,38.71,38.43,38.69,22100
QQQ,26-Jun-2014,93.35,93.36,92.62,93.34,22572100
QQQX,26-Jun-2014,18.9,18.9,18.52,18.84,70600
QQXT,26-Jun-2014,35.63,35.84,35.63,35.84,2400
QRHC,26-Jun-2014,43.2,43.68,42.08,43.44,61600
QTEC,26-Jun-2014,39.64,39.64,39.36,39.56,13500
QTNT,26-Jun-2014,8.16,8.37,7.8,8.25,4500
QUIK,26-Jun-2014,67.2,70,65.24,69.16,630900
QUMU,26-Jun-2014,14,15.03,14,14.27,2600
QURE,26-Jun-2014,11.99,12.5,11.88,12.5,44000
QYLD,26-Jun-2014,24.98,25.1,24.98,25.1,7600
RADA,26-Jun-2014,2.82,2.82,2.82,2.82,0
RAIL,26-Jun-2014,24.88,25.19,24.59,25,113300
RAND,26-Jun-2014,28.44,28.53,28.26,28.53,1500
RARE,26-Jun-2014,45.27,46.26,44.2,44.69,117900
RAVN,26-Jun-2014,33.31,33.54,32.56,32.91,86300
RBCAA,26-Jun-2014,23.25,23.53,23.21,23.5,12400
RBCN,26-Jun-2014,89,89.2,86,87.9,317200
RCII,26-Jun-2014,28.47,28.78,28.21,28.67,306300
RCKY,26-Jun-2014,14.66,14.75,14.54,14.57,4900
RCMT,26-Jun-2014,6.1,6.18,6.08,6.14,7400
RCON,26-Jun-2014,20.75,21.15,20.75,20.85,17300
RDCM,26-Jun-2014,5.3,5.3,5.2,5.21,1100
RDHL,26-Jun-2014,17.25,17.47,17.23,17.24,4200
RDI,26-Jun-2014,8.38,8.56,8.38,8.47,25600
RDNT,26-Jun-2014,6.99,7.02,6.87,7.01,358700
RDUS,26-Jun-2014,10.2,10.89,10.06,10.25,32900
RDVY,26-Jun-2014,20.95,20.95,20.95,20.95,200
RDWR,26-Jun-2014,16.7,16.87,16.57,16.82,106600
REFR,26-Jun-2014,5.65,5.9,5.63,5.88,32900
REGI,26-Jun-2014,11.44,11.53,11.28,11.43,415400
REGN,26-Jun-2014,281.15,281.97,278.51,279.8,1076000
RELL,26-Jun-2014,10.07,10.22,9.98,9.99,68400
RENT,26-Jun-2014,53.84,53.84,51.35,51.69,72300
REPH,26-Jun-2014,7.8,8.16,7.8,7.91,96500
RESN,26-Jun-2014,8.1,8.8,7.69,8.55,58400
RFIL,26-Jun-2014,6.12,6.2,5.99,6.13,21600
RGCO,26-Jun-2014,12.8667,12.9,12.8667,12.8667,1100
RGEN,26-Jun-2014,22.31,22.98,22.05,22.71,705800
RGLD,26-Jun-2014,74.07,74.22,72.88,74.04,641800
RGLS,26-Jun-2014,95.76,96.24,93.12,95.64,38400
RIBT,26-Jun-2014,5.15,5.26,5.15,5.24,32700
RICK,26-Jun-2014,10.2,10.3,10.2,10.27,27900
RIGL,26-Jun-2014,3.63,3.67,3.54,3.57,357300
RMBS,26-Jun-2014,14.32,14.5,14.12,14.24,347200
RMCF,26-Jun-2014,12.68,12.87,12.6,12.76,7700
RMTI,26-Jun-2014,12.14,12.43,12.1,12.13,556700
RNA,26-Jun-2014,12.98,12.98,12.37,12.61,152100
RNST,26-Jun-2014,29.26,29.27,28.82,29.22,24600
RNWK,26-Jun-2014,7.59,7.65,7.55,7.56,24700
ROCK,26-Jun-2014,16.65,16.9,16.42,16.61,64100
ROIC,26-Jun-2014,15.72,15.82,15.65,15.81,434800
ROLL,26-Jun-2014,64.18,64.18,63.07,63.38,61500
ROST,26-Jun-2014,33.125,33.19,32.725,33.005,1930500
RPRX,26-Jun-2014,16.35,16.95,16.28,16.41,62300
RRGB,26-Jun-2014,73.49,73.52,71.72,72.46,75100
RUSHA,26-Jun-2014,22.58,22.5933,22.0533,22.48,51400
RUSHB,26-Jun-2014,20.32,20.7133,20.02,20.4467,5300
RUTH,26-Jun-2014,12.28,12.34,12.22,12.3,114700
RVNC,26-Jun-2014,33.01,33.55,32.66,33.34,89200
RVSB,26-Jun-2014,3.65,3.77,3.56,3.76,26300
RXDX,26-Jun-2014,8.2,8.39,8,8.22,24300
RYAAY,26-Jun-2014,54.47,55.25,54.3,55.22,178900
SABR,26-Jun-2014,19.92,20.26,19.45,19.59,1457800
SAFM,26-Jun-2014,94.8,94.99,93.32,94.24,210200
SAFT,26-Jun-2014,51.86,51.86,50.6,50.73,52700
SAIA,26-Jun-2014,43.46,44.53,42.62,43.25,235400
SAL,26-Jun-2014,30.5,30.5,30.5,30.5,100
SALM,26-Jun-2014,9.35,9.46,9.3,9.41,18600
SAMG,26-Jun-2014,17.2,17.59,17.2,17.35,8400
SANM,26-Jun-2014,22.82,22.82,22.34,22.66,429000
SANW,26-Jun-2014,6.54,6.82,6.27,6.37,56600
SASR,26-Jun-2014,24.73,25.2,24.43,24.64,27800
SATS,26-Jun-2014,42.77,42.77,42.1281,42.25,139700
SBAC,26-Jun-2014,99.79,100.33,98.52,99.8,725800
SBCF,26-Jun-2014,10.72,10.72,10.55,10.62,34700
SBFG,26-Jun-2014,8.17,8.2,8.08,8.2,28700
SBGI,26-Jun-2014,33.68,34.26,32.87,33.64,2863600
SBLK,26-Jun-2014,66.4,66.5,64.9,65.2,62400
SBNY,26-Jun-2014,124.3,126.03,122.53,125.63,472300
SBRA,26-Jun-2014,28.37,28.57,28.21,28.27,219000
SBSI,26-Jun-2014,28.57,28.57,28.17,28.57,116000
SBUX,26-Jun-2014,39.005,39.165,38.735,39.03,3491600
SCHL,26-Jun-2014,33.44,33.49,33.02,33.43,56200
SCHN,26-Jun-2014,26.09,26.83,25.35,26.57,783400
SCOR,26-Jun-2014,35.32,35.61,34.69,35.16,233800
SCSC,26-Jun-2014,37.61,37.76,37.25,37.59,49400
SCVL,26-Jun-2014,20.74,20.75,20.4,20.56,102600
SCYX,26-Jun-2014,82.4,82.4,80,80.8,7700
SEAC,26-Jun-2014,7.78,7.81,7.66,7.71,142200
SEED,26-Jun-2014,22.5,22.5,22.2,22.2,72500
SEIC,26-Jun-2014,32.37,32.37,31.84,31.98,453600
SENEA,26-Jun-2014,30.79,30.87,30.04,30.31,23000
SENEB,26-Jun-2014,31.05,31.05,31.05,31.05,0
SFBC,26-Jun-2014,17.51,17.51,17.51,17.51,700
SFM,26-Jun-2014,32.77,32.93,32.2,32.83,1193100
SFNC,26-Jun-2014,19.975,20.015,19.59,19.76,28700
SFST,26-Jun-2014,13.77,13.77,13.45,13.46,9200
SGC,26-Jun-2014,16.51,16.69,15.75,16.11,14700
SGEN,26-Jun-2014,39.38,39.49,38.38,39.1,509700
SGMA,26-Jun-2014,12.38,12.39,12.12,12.2,12700
SGMO,26-Jun-2014,15.4,15.61,15.03,15.4,321300
SGMS,26-Jun-2014,11.36,11.37,11.07,11.22,455400
SGOC,26-Jun-2014,8.52,8.76,8.12,8.32,51800
SGRP,26-Jun-2014,1.53,1.65,1.42,1.65,1100
SHBI,26-Jun-2014,9.01,9.03,9,9,1400
SHEN,26-Jun-2014,15.385,15.385,15.05,15.18,34100
SHIP,26-Jun-2014,1632,1632,1608,1608,7700
SHOO,26-Jun-2014,22.3667,22.4933,22.2933,22.3667,1023600
SHY,26-Jun-2014,84.61,84.61,84.53,84.53,368600
SIEB,26-Jun-2014,2.87,2.87,2.7,2.7,1000
SIFY,26-Jun-2014,2.22,2.23,2.2,2.21,114300
SIGA,26-Jun-2014,2.75,2.79,2.66,2.66,130800
SIGI,26-Jun-2014,24.78,24.78,24.47,24.72,77500
SILC,26-Jun-2014,41.51,41.61,41.11,41.32,27200
SIMO,26-Jun-2014,18.73,19.5,18.73,19.48,544800
SINO,26-Jun-2014,11,11.9,11,11,8500
SIRI,26-Jun-2014,3.43,3.46,3.4,3.45,38216400
SIVB,26-Jun-2014,116.45,116.45,114.27,115.9,681300
SKYW,26-Jun-2014,11.88,12,11.77,11.91,139900
SKYY,26-Jun-2014,27.06,27.11,26.77,26.91,44900
SLAB,26-Jun-2014,49.42,49.45,47.94,48.61,645400
SLGN,26-Jun-2014,25.13,25.135,24.84,25.125,96900
SLM,26-Jun-2014,8.31,8.33,8.22,8.26,3392400
SLMBP,26-Jun-2014,73.35,73.5,73.2,73.2,1500
SLP,26-Jun-2014,5.62,5.62,5.27,5.47,31100
SLRC,26-Jun-2014,20.69,21.37,20.69,21.2,702700
SLVO,26-Jun-2014,15.55,15.55,15.5,15.51,10300
SMBC,26-Jun-2014,17.45,17.545,17.45,17.545,300
SMCI,26-Jun-2014,26,26,25.21,25.45,342600
SMED,26-Jun-2014,4.33,4.41,4.32,4.36,5100
SMIT,26-Jun-2014,2.8,2.8,2.75,2.75,2400
SMLR,26-Jun-2014,4.25,4.25,4.05,4.15,1800
SMMF,26-Jun-2014,10.62,10.62,10.62,10.62,100
SMPL,26-Jun-2014,17.11,17.29,16.73,17.11,16000
SMSI,26-Jun-2014,3.68,3.76,3.52,3.72,47600
SMTC,26-Jun-2014,26.25,26.25,25.6,25.83,298800
SNCR,26-Jun-2014,34.47,34.47,33.68,34.15,205200
SNFCA,26-Jun-2014,4.26,4.37,4.26,4.33,1300
SNPS,26-Jun-2014,38.96,38.97,38.71,38.79,409200
SOCL,26-Jun-2014,19.5,19.5,19.32,19.45,38700
SOHO,26-Jun-2014,7.79,7.79,7.51,7.56,26100
SOHU,26-Jun-2014,56.74,56.83,55.77,56.66,263800
SOXX,26-Jun-2014,85.79,85.79,84.72,85.35,82600
SP,26-Jun-2014,21.21,21.31,20.5,21.17,37600
SPBC,26-Jun-2014,28.84,28.84,28.84,28.84,300
SPCB,26-Jun-2014,9.84,9.9,9.51,9.74,31100
SPLK,26-Jun-2014,53.45,54.72,53.09,53.96,2940300
SPNS,26-Jun-2014,8.02,8.07,7.88,7.99,118600
SPPI,26-Jun-2014,8.22,8.22,7.91,7.94,1194800
SPRO,26-Jun-2014,2.34,2.34,2.34,2.34,1000
SPSC,26-Jun-2014,61.86,62.17,60.41,62.01,43300
SPTN,26-Jun-2014,21.54,21.54,20.92,21.22,107600
SPWH,26-Jun-2014,8.2,8.32,8.11,8.15,105300
SPWR,26-Jun-2014,40.92,41.18,40.38,40.61,2496800
SQQQ,26-Jun-2014,3512,3592.8,3509.6,3512,3501400
SRCE,26-Jun-2014,30.69,30.9,30.46,30.78,12800
SRCL,26-Jun-2014,118.74,118.74,117.52,118.34,194900
SRDX,26-Jun-2014,21.06,21.06,20.88,21.01,26700
SREV,26-Jun-2014,5.61,5.72,5.29,5.31,1122600
SRNE,26-Jun-2014,6.6,6.77,6.44,6.63,102900
SRPT,26-Jun-2014,30.57,30.91,29.85,30.09,544500
SSBI,26-Jun-2014,12.39,13.65,12.24,13.05,26000
SSNC,26-Jun-2014,43.91,43.98,43.26,43.81,189300
SSYS,26-Jun-2014,108.55,109.6,107.16,109.13,775200
STAA,26-Jun-2014,16.29,16.49,16.03,16.45,117600
STBA,26-Jun-2014,24.76,24.91,24.32,24.88,21700
STFC,26-Jun-2014,23.22,23.3,22.9,23.21,13600
STKL,26-Jun-2014,13.47,13.68,13.38,13.52,242700
STLD,26-Jun-2014,17.73,17.83,17.6,17.78,1260100
STRA,26-Jun-2014,53.09,53.45,52.33,52.94,95800
STRL,26-Jun-2014,9.13,9.14,8.86,8.89,48900
STRM,26-Jun-2014,4.47,4.75,4.47,4.62,15400
STRN,26-Jun-2014,5.04,5.05,4.97,4.99,5200
STRS,26-Jun-2014,16.02,16.25,16.02,16.23,2200
STRT,26-Jun-2014,68.2,69.5,67,68.6,39100
STX,26-Jun-2014,56.66,56.9,56.31,56.71,1203100
SUMR,26-Jun-2014,25.38,25.47,24.75,24.84,54400
SUNS,26-Jun-2014,16.75,16.9,16.67,16.87,64400
SUPN,26-Jun-2014,10.65,10.8,10.6,10.64,270600
SURG,26-Jun-2014,3.17,3.21,3.17,3.17,38800
SVBI,26-Jun-2014,4.64,4.69,4.64,4.69,1300
SVVC,26-Jun-2014,20.88,21.09,20.78,20.93,40000
SWIR,26-Jun-2014,19.69,20.11,19.58,20.02,222000
SWKS,26-Jun-2014,47.13,47.15,45.75,46.36,2553900
SYBT,26-Jun-2014,19.5,19.9,19.5,19.8333,36300
SYNA,26-Jun-2014,89.61,89.98,87.72,88.72,670300
SYNL,26-Jun-2014,15.95,16.99,15.8,16.43,15400
SYPR,26-Jun-2014,5.5,5.52,5.3,5.45,52900
TACT,26-Jun-2014,10.17,10.17,9.92,10.04,4700
TAIT,26-Jun-2014,1,1,1,1,0
TAST,26-Jun-2014,7.06,7.1,7,7.1,206200
TATT,26-Jun-2014,7.4,7.5,7.33,7.39,10400
TAYD,26-Jun-2014,8.85,8.96,8.77,8.85,9400
TBBK,26-Jun-2014,12.23,12.24,11.84,12.02,443300
TBNK,26-Jun-2014,20.55,20.69,20.39,20.57,36500
TBPH,26-Jun-2014,34.17,34.8,33.5,33.96,288300
TCBI,26-Jun-2014,53.98,54.25,53.3,53.81,198800
TCBK,26-Jun-2014,23.53,23.55,23.21,23.44,179900
TCFC,26-Jun-2014,22.03,23.5,22.03,23.5,4300
TCPC,26-Jun-2014,17.9,18.42,17.87,18.31,551600
TCX,26-Jun-2014,12.8,12.93,12.75,12.89,24600
TDIV,26-Jun-2014,26.34,26.34,26.12,26.31,136500
TECH,26-Jun-2014,90.97,91.59,90.14,91.32,97800
TEDU,26-Jun-2014,13.3,14.23,13.2,13.95,1153600
TESS,26-Jun-2014,31.22,32.41,31.09,31.31,7300
TFSL,26-Jun-2014,14.06,14.21,13.99,14.14,228800
TGA,26-Jun-2014,7.14,7.25,7.13,7.2,45600
TGLS,26-Jun-2014,12.28,12.4,12.07,12.07,6200
TGTX,26-Jun-2014,9.47,9.93,9.25,9.47,362100
THFF,26-Jun-2014,32.85,32.85,32.1,32.74,10100
THRM,26-Jun-2014,42.68,43.02,41.78,42.78,360900
THRX,26-Jun-2014,29.99,30,29.27,29.93,499100
TIGR,26-Jun-2014,1.36,1.43,1.29,1.29,10000
TILE,26-Jun-2014,18.77,18.86,18.35,18.7,255000
TIPT,26-Jun-2014,9.99,10.14,9.79,9.97,30700
TITN,26-Jun-2014,15.75,16.06,15.42,16.05,119200
TLT,26-Jun-2014,113.21,113.8,113.21,113.41,6628900
TNDM,26-Jun-2014,16.16,17.1,15.9,16.13,98500
TNXP,26-Jun-2014,12890,13300,12460,13180,70200
TOPS,26-Jun-2014,2250000,2290000,2210000,2220000,58900
TOUR,26-Jun-2014,16.83,17.98,16.8,17.42,395300
TOWN,26-Jun-2014,15.85,16.15,15.8,16.11,18700
TQQQ,26-Jun-2014,12.25,12.25,11.9583,12.25,1824600
TREE,26-Jun-2014,28.63,28.85,28.11,28.51,90500
TRIB,26-Jun-2014,23.11,23.11,22.9,23.04,75900
TRIP,26-Jun-2014,108.2,108.88,106.6,107.87,1680000
TRMB,26-Jun-2014,37.01,37.28,36.82,37.05,664600
TRMK,26-Jun-2014,24.46,24.47,24.07,24.28,153300
TRNS,26-Jun-2014,10.08,10.2,10.07,10.07,3600
TROW,26-Jun-2014,83.19,83.77,82.5,83.38,541100
TRS,26-Jun-2014,37.82,37.87,37.39,37.54,75000
TRST,26-Jun-2014,6.64,6.67,6.53,6.63,190000
TRUE,26-Jun-2014,13,13.16,12.41,13.14,480700
TRVN,26-Jun-2014,4.44,4.6,4.36,4.48,138900
TSBK,26-Jun-2014,10.59,10.59,10.58,10.58,200
TSC,26-Jun-2014,14.25,14.28,14.15,14.25,64800
TSCO,26-Jun-2014,62.38,62.63,60.64,60.84,2428300
TSEM,26-Jun-2014,9.21,9.26,9.05,9.21,102300
TSLA,26-Jun-2014,47.434,48.08,46.842,47.12,5122900
TSRI,26-Jun-2014,3.17,3.17,3.17,3.17,100
TTEC,26-Jun-2014,28.04,28.39,27.8,28.31,105300
TTEK,26-Jun-2014,27.25,27.25,26.74,26.95,162300
TTGT,26-Jun-2014,8.49,8.95,8.45,8.91,160900
TTMI,26-Jun-2014,8.17,8.2,8.06,8.15,128500
TTWO,26-Jun-2014,22.03,22.03,21.52,21.77,1329000
TW,26-Jun-2014,104.75,104.75,103.27,103.66,280700
TWIN,26-Jun-2014,33.14,33.25,32.48,32.83,48600
TWOU,26-Jun-2014,16.63,16.84,16.32,16.46,219500
TXN,26-Jun-2014,48.04,48.05,47.38,47.79,3533000
TXRH,26-Jun-2014,26.58,26.68,26.3,26.42,391500
TZOO,26-Jun-2014,19.39,19.44,19.06,19.12,25100
UAE,26-Jun-2014,22.23,22.23,21.84,21.88,22600
UBCP,26-Jun-2014,8.14,8.37,8.05,8.3,11200
UBFO,26-Jun-2014,5.53,5.64,5.53,5.54,600
UBOH,26-Jun-2014,13.47,13.47,13.39,13.47,2500
UBSI,26-Jun-2014,32.15,32.24,31.63,32.06,156200
UCBI,26-Jun-2014,16.53,16.6,16.2,16.56,116300
UCTT,26-Jun-2014,8.81,8.81,8.57,8.66,184200
UEIC,26-Jun-2014,48.12,48.35,47.18,47.67,129700
UEPS,26-Jun-2014,10.98,11.17,10.85,11.15,102000
UFCS,26-Jun-2014,29.15,29.24,28.82,29.06,47700
UFPI,26-Jun-2014,48.51,48.65,47.83,48.26,37600
UFPT,26-Jun-2014,24.6,24.6,23.75,24.35,13000
UG,26-Jun-2014,27.68,28,27,27.5,4700
UHAL,26-Jun-2014,289.43,292.3,287,290.08,29700
UIHC,26-Jun-2014,16.75,17.33,16.61,17.19,177500
ULBI,26-Jun-2014,3.62,3.8,3.62,3.8,3100
ULTA,26-Jun-2014,92.86,93.29,91.04,91.33,911000
UMBF,26-Jun-2014,61.95,62.4,61.05,62.16,91100
UMPQ,26-Jun-2014,17.66,17.76,17.3,17.7,948700
UNAM,26-Jun-2014,12.52,12.52,12.51,12.51,1700
UNB,26-Jun-2014,24.96,25.11,24.26,24.97,6700
UNTY,26-Jun-2014,9.35,9.35,9.01,9.01,7200
URBN,26-Jun-2014,33.84,33.9,33.42,33.83,969900
USAK,26-Jun-2014,18.59,19.06,18.39,18.77,36400
USAP,26-Jun-2014,30,30.11,29.64,30.02,14400
USEG,26-Jun-2014,247.8,253.2,246,252.6,56100
USLM,26-Jun-2014,66.43,66.43,65.41,65.93,5000
UTHR,26-Jun-2014,88.19,88.76,86.13,88.03,290400
UTMD,26-Jun-2014,52.87,52.87,51.36,52.39,5000
UTSI,26-Jun-2014,2.82,2.87,2.82,2.87,31900
UVSP,26-Jun-2014,20.35,20.38,20.13,20.25,17600
VALU,26-Jun-2014,16.23,16.8,15.43,16.69,20300
VBFC,26-Jun-2014,21.92,21.92,21.92,21.92,1500
VCIT,26-Jun-2014,86.33,86.51,86.32,86.47,145500
VCLT,26-Jun-2014,90.22,90.4,90.08,90.25,33600
VCSH,26-Jun-2014,80.26,80.31,80.25,80.3,482800
VCYT,26-Jun-2014,17.5,17.83,17.1,17.5,134100
VECO,26-Jun-2014,34.63,34.89,34.02,34.67,306500
VGIT,26-Jun-2014,63.9,63.95,63.87,63.87,4800
VGLT,26-Jun-2014,70.65,71.03,70.65,70.93,8700
VGSH,26-Jun-2014,60.92,60.96,60.92,60.93,14600
VIA,26-Jun-2014,84.71,85.46,84.33,85.44,9000
VICR,26-Jun-2014,8.15,8.15,7.82,7.97,27700
VIEW,26-Jun-2014,1.99,2,1.98,1.98,3800
VIRC,26-Jun-2014,2.4,2.47,2.37,2.39,2200
VIVO,26-Jun-2014,20.45,20.46,19.93,20.3,124200
VLGEA,26-Jun-2014,23.47,23.87,23.41,23.7,9400
VMBS,26-Jun-2014,52.57,52.67,52.57,52.58,29500
VNDA,26-Jun-2014,15.76,16.08,15.62,15.9,319000
VNET,26-Jun-2014,29.7,30.41,29.7,30.03,368500
VNOM,26-Jun-2014,31.81,32.65,31.81,32.43,144900
VNQI,26-Jun-2014,57.71,58,57.56,57.89,51300
VOD,26-Jun-2014,32.92,33.21,32.84,33.19,7594600
VONE,26-Jun-2014,90.02,90.28,89.73,90.28,7700
VONG,26-Jun-2014,92.6,92.6,92.08,92.6,74500
VONV,26-Jun-2014,88.21,88.21,87.6,88.06,14600
VOXX,26-Jun-2014,9.07,9.19,8.97,9.18,74600
VRA,26-Jun-2014,22.05,22.19,21.74,21.78,297000
VRNS,26-Jun-2014,26.11,27.99,26.11,27.43,167400
VRNT,26-Jun-2014,49.78,49.89,49.18,49.73,303200
VRSK,26-Jun-2014,59.26,59.28,58.75,59.15,562800
VRSN,26-Jun-2014,51.08,51.12,50.43,50.73,564500
VRTS,26-Jun-2014,208.04,210.09,205.1,207.75,17300
VRTX,26-Jun-2014,88.29,93.3,88.27,93.17,5511700
VSAT,26-Jun-2014,56.51,57.3,56.14,57.17,153100
VSEC,26-Jun-2014,31.72,32.33,31.72,32.29,14600
VSTM,26-Jun-2014,9.14,9.17,8.94,9.11,142400
VTHR,26-Jun-2014,90.25,90.61,90.25,90.56,2600
VTIP,26-Jun-2014,50.07,50.12,50.07,50.11,94800
VTNR,26-Jun-2014,9.52,9.58,9.3,9.41,197500
VTWG,26-Jun-2014,99.52,99.52,99.08,99.41,7900
VTWO,26-Jun-2014,94.19,94.19,93.34,94.02,19300
VTWV,26-Jun-2014,88.13,88.64,88.13,88.64,1200
VWOB,26-Jun-2014,80.65,80.88,80.6,80.79,19400
VXUS,26-Jun-2014,54.13,54.13,53.7,54.09,238100
WABC,26-Jun-2014,51.62,52,50.74,51.88,122900
WAFD,26-Jun-2014,22.68,22.72,22.46,22.67,588100
WASH,26-Jun-2014,36.8,37.33,36,36.77,14200
WATT,26-Jun-2014,15.45,16,14.82,15.57,132800
WB,26-Jun-2014,20.34,20.73,20.13,20.47,701900
WDAY,26-Jun-2014,87.09,89.6,87.04,88.46,1610500
WDC,26-Jun-2014,91.97,92.1,91.15,91.89,804500
WDFC,26-Jun-2014,74.53,74.66,73.48,74.16,34600
WEN,26-Jun-2014,8.59,8.63,8.51,8.57,3593900
WERN,26-Jun-2014,25.95,26.02,25.65,25.92,238600
WETF,26-Jun-2014,11.81,11.88,11.52,11.69,2326400
WEYS,26-Jun-2014,27.61,27.61,26.9,27.4,6000
WHF,26-Jun-2014,14.05,14.79,14,14.27,89200
WHLR,26-Jun-2014,38.24,38.48,37.84,38.32,11400
WHLRP,26-Jun-2014,24.86,25.68,24.77,25,7000
WILC,26-Jun-2014,7.17,7.3,7.12,7.23,9800
WINA,26-Jun-2014,68.5,69.85,67.89,69.32,26700
WIRE,26-Jun-2014,49.49,49.78,48.85,49.54,38500
WIX,26-Jun-2014,20.15,20.74,19.6,20.05,207300
WLDN,26-Jun-2014,8,8.25,7.77,7.92,78100
WLFC,26-Jun-2014,24.96,24.96,24.52,24.89,27400
WOOD,26-Jun-2014,52.63,52.66,52.45,52.53,2000
WOOF,26-Jun-2014,35.24,35.38,34.84,35.19,500900
WPRT,26-Jun-2014,17.28,17.37,16.72,17.29,728900
WRLD,26-Jun-2014,76.64,76.97,75.47,76.59,118500
WSBC,26-Jun-2014,31.13,31.2,30.65,30.99,48700
WSBF,26-Jun-2014,11.56,11.59,11.47,11.55,219900
WSFS,26-Jun-2014,24.17,24.47,23.7133,24.2667,23400
WSTG,26-Jun-2014,15.13,15.23,15.07,15.2,15200
WTBA,26-Jun-2014,15.72,15.97,15.53,15.9,20800
WTFC,26-Jun-2014,45.87,45.98,45.13,45.92,145800
WVFC,26-Jun-2014,10.96,10.96,10.85,10.85,2700
WVVI,26-Jun-2014,5.46,5.69,5.39,5.69,6200
WWD,26-Jun-2014,48.97,49.26,48.25,49.18,174900
WYNN,26-Jun-2014,206.6,210.15,206.13,208.04,1745100
XLNX,26-Jun-2014,47.14,47.15,46.48,46.83,1821400
XLRN,26-Jun-2014,34.79,35.1,34.36,34.78,178400
XNCR,26-Jun-2014,11.12,11.12,10.75,10.94,28500
XNET,26-Jun-2014,15.15,15.87,14.91,15.14,1204400
XOMA,26-Jun-2014,93.4,94,90.6,91.8,875000
XONE,26-Jun-2014,35.36,37.59,35.36,37.58,505800
XRAY,26-Jun-2014,48.12,48.12,47.72,47.95,352300
XTLB,26-Jun-2014,13.55,13.55,13.55,13.55,100
YNDX,26-Jun-2014,34.95,35.36,34.82,35.03,2815200
YORW,26-Jun-2014,20.5,20.72,20.26,20.41,18500
YY,26-Jun-2014,74.3,76.47,73.71,74.49,1316700
Z,26-Jun-2014,139.3,140.43,135.38,138.04,1680700
ZBRA,26-Jun-2014,79.33,80.52,78.69,80.32,437400
ZEUS,26-Jun-2014,24.29,24.29,23.51,23.66,12000
ZGNX,26-Jun-2014,15.44,16.24,15.12,15.92,2282400
ZION,26-Jun-2014,29.56,29.81,29.25,29.77,1120700
ZIOP,26-Jun-2014,4.27,4.27,4.02,4.05,1033400
ZIXI,26-Jun-2014,3.44,3.44,3.37,3.4,80600
ZNGA,26-Jun-2014,3.13,3.2,3.07,3.19,16348200
ZUMZ,26-Jun-2014,27.2,27.2,26.64,27.03,166100
